x,u,time_step,t
-5.0,1.9151695967140057e-174,0,0.0
-4.966666666666667,3.8969396911759364e-172,0,0.0
-4.933333333333334,7.652415614096734e-170,0,0.0
-4.9,1.4502131273426031e-167,0,0.0
-4.866666666666667,2.65230542345148e-165,0,0.0
-4.833333333333334,4.681377387759218e-163,0,0.0
-4.800000000000001,7.974109428607447e-161,0,0.0
-4.7666666666666675,1.3108383774285983e-158,0,0.0
-4.733333333333334,2.0795746881621304e-156,0,0.0
-4.700000000000001,3.1838919149073134e-154,0,0.0
-4.666666666666668,4.704359775931637e-152,0,0.0
-4.633333333333335,6.708125177151875e-150,0,0.0
-4.600000000000001,9.231243499549699e-148,0,0.0
-4.566666666666668,1.2259638770690149e-145,0,0.0
-4.533333333333335,1.5712799160177651e-143,0,0.0
-4.500000000000002,1.9435148500487404e-141,0,0.0
-4.466666666666669,2.3199604738380115e-139,0,0.0
-4.433333333333335,2.672586230020012e-137,0,0.0
-4.400000000000002,2.971264305128334e-135,0,0.0
-4.366666666666669,3.187933571811099e-133,0,0.0
-4.333333333333336,3.300925018320146e-131,0,0.0
-4.3000000000000025,3.2985302689916586e-129,0,0.0
-4.266666666666669,3.1810002747281677e-127,0,0.0
-4.233333333333336,2.960501993861504e-125,0,0.0
-4.200000000000003,2.6590434112051945e-123,0,0.0
-4.16666666666667,2.3048566289706055e-121,0,0.0
-4.133333333333336,1.928061232308118e-119,0,0.0
-4.100000000000003,1.5565251678798429e-117,0,0.0
-4.06666666666667,1.212690263500914e-115,0,0.0
-4.033333333333337,9.118051745572512e-114,0,0.0
-4.0000000000000036,6.616261056706476e-112,0,0.0
-3.9666666666666703,4.633206227754193e-110,0,0.0
-3.933333333333337,3.1311873121497216e-108,0,0.0
-3.900000000000004,2.042184069327692e-106,0,0.0
-3.8666666666666707,1.2854024932252137e-104,0,0.0
-3.8333333333333375,7.808036058710025e-103,0,0.0
-3.8000000000000043,4.577231742702144e-101,0,0.0
-3.766666666666671,2.5895387264789297e-99,0,0.0
-3.733333333333338,1.4138402390493386e-97,0,0.0
-3.7000000000000046,7.449663975599101e-96,0,0.0
-3.6666666666666714,3.78818734019063e-94,0,0.0
-3.633333333333338,1.8590224362847346e-92,0,0.0
-3.600000000000005,8.804328384700879e-91,0,0.0
-3.5666666666666718,4.02407672188992e-89,0,0.0
-3.5333333333333385,1.7749850127494168e-87,0,0.0
-3.5000000000000053,7.55581901970745e-86,0,0.0
-3.466666666666672,3.104036517948551e-84,0,0.0
-3.433333333333339,1.2306385500624515e-82,0,0.0
-3.4000000000000057,4.708608986787835e-81,0,0.0
-3.3666666666666725,1.738653973510267e-79,0,0.0
-3.3333333333333393,6.195724613763028e-78,0,0.0
-3.300000000000006,2.130735163909085e-76,0,0.0
-3.266666666666673,7.071723288234913e-75,0,0.0
-3.2333333333333396,2.2650587062053535e-73,0,0.0
-3.2000000000000064,7.001515989742455e-72,0,0.0
-3.166666666666673,2.0886377623855493e-70,0,0.0
-3.13333333333334,6.013019121891271e-69,0,0.0
-3.1000000000000068,1.6706307180401664e-67,0,0.0
-3.0666666666666735,4.479471301905232e-66,0,0.0
-3.0333333333333403,1.1591282034807618e-64,0,0.0
-3.000000000000007,2.894640311646326e-63,0,0.0
-2.966666666666674,6.976155575224617e-62,0,0.0
-2.9333333333333407,1.6225426705828618e-60,0,0.0
-2.9000000000000075,3.641954494742017e-59,0,0.0
-2.8666666666666742,7.889170128881225e-58,0,0.0
-2.833333333333341,1.6492502046728875e-56,0,0.0
-2.800000000000008,3.327363054180685e-55,0,0.0
-2.7666666666666746,6.478467014671189e-54,0,0.0
-2.7333333333333414,1.2173143234185154e-52,0,0.0
-2.700000000000008,2.2074538398908312e-51,0,0.0
-2.666666666666675,3.8631266630463163e-50,0,0.0
-2.6333333333333417,6.524461660038408e-49,0,0.0
-2.6000000000000085,1.0634298273328718e-47,0,0.0
-2.5666666666666753,1.6727514295330131e-46,0,0.0
-2.533333333333342,2.5392905736018762e-45,0,0.0
-2.500000000000009,3.7200759760181926e-44,0,0.0
-2.4666666666666757,5.2595627064204406e-43,0,0.0
-2.4333333333333425,7.176387537534407e-42,0,0.0
-2.4000000000000092,9.449754976484503e-41,0,0.0
-2.366666666666676,1.2008634611376104e-39,0,0.0
-2.333333333333343,1.4727367765938908e-38,0,0.0
-2.3000000000000096,1.743070896644053e-37,0,0.0
-2.2666666666666764,1.990963919939474e-36,0,0.0
-2.233333333333343,2.194674645698624e-35,0,0.0
-2.20000000000001,2.334722783485647e-34,0,0.0
-2.1666666666666767,2.396949668896383e-33,0,0.0
-2.1333333333333435,2.3748759345334948e-32,0,0.0
-2.1000000000000103,2.27081292202481e-31,0,0.0
-2.066666666666677,2.0954640072884567e-30,0,0.0
-2.033333333333344,1.8661109991210945e-29,0,0.0
-2.0000000000000107,1.6038108905475438e-28,0,0.0
-1.9666666666666774,1.33023160529685e-27,0,0.0
-1.9333333333333442,1.064779753341323e-26,0,0.0
-1.900000000000011,8.225280651601133e-26,0,0.0
-1.8666666666666778,6.131970889808223e-25,0,0.0
-1.8333333333333446,4.4117191969930866e-24,0,0.0
-1.8000000000000114,3.0631908645754277e-23,0,0.0
-1.7666666666666782,2.0525732873523137e-22,0,0.0
-1.733333333333345,1.3273385428472338e-21,0,0.0
-1.7000000000000117,8.283677007677621e-21,0,0.0
-1.6666666666666785,4.9891093927918634e-20,0,0.0
-1.6333333333333453,2.899888599942877e-19,0,0.0
-1.600000000000012,1.6266646214522374e-18,0,0.0
-1.5666666666666789,8.80588777218617e-18,0,0.0
-1.5333333333333456,4.6005175273868755e-17,0,0.0
-1.5000000000000124,2.319522830242185e-16,0,0.0
-1.4666666666666792,1.1286233516295048e-15,0,0.0
-1.433333333333346,5.299779859748833e-15,0,0.0
-1.4000000000000128,2.401734781619587e-14,0,0.0
-1.3666666666666796,1.0503902528281054e-13,0,0.0
-1.3333333333333464,4.433377746325573e-13,0,0.0
-1.3000000000000131,1.8058314375122292e-12,0,0.0
-1.26666666666668,7.0986881886658425e-12,0,0.0
-1.2333333333333467,2.6930065475708542e-11,0,0.0
-1.2000000000000135,9.859505575986403e-11,0,0.0
-1.1666666666666803,3.4836240728938637e-10,0,0.0
-1.133333333333347,1.1878616118754122e-09,0,0.0
-1.1000000000000139,3.9089384342629615e-09,0,0.0
-1.0666666666666806,1.2413956855342483e-08,0,0.0
-1.0333333333333474,3.804696784759483e-08,0,0.0
-1.0000000000000142,1.1253517471920794e-07,0,0.0
-0.966666666666681,3.212291482189242e-07,0,0.0
-0.9333333333333478,8.849118709201187e-07,0,0.0
-0.9000000000000146,2.3525752000087845e-06,0,0.0
-0.8666666666666814,6.035947120528645e-06,0,0.0
-0.8333333333333481,1.4945338524775557e-05,0,0.0
-0.8000000000000149,3.571284964162157e-05,0,0.0
-0.7666666666666817,8.235721886175696e-05,0,0.0
-0.7333333333333485,0.00018328936133365438,0,0.0
-0.7000000000000153,0.00039366904065494363,0,0.0
-0.6666666666666821,0.0008159878350718801,0,0.0
-0.6333333333333488,0.0016322794952189454,0,0.0
-0.6000000000000156,0.003151111598443495,0,0.0
-0.5666666666666824,0.005870721275736801,0,0.0
-0.5333333333333492,0.01055546956619594,0,0.0
-0.500000000000016,0.018315638888729495,0,0.0
-0.4666666666666828,0.03067079302638669,0,0.0
-0.43333333333334956,0.0495662835049006,0,0.0
-0.40000000000001634,0.07730474044328357,0,0.0
-0.3666666666666831,0.11635480280868137,0,0.0
-0.3333333333333499,0.16901331540603617,0,0.0
-0.3000000000000167,0.2369277586820838,0,0.0
-0.2666666666666835,0.3205305210154953,0,0.0
-0.23333333333335027,0.41848630604251164,0,0.0
-0.20000000000001705,0.527292424042991,0,0.0
-0.16666666666668384,0.6411803884298959,0,0.0
-0.13333333333335062,0.7524321560892477,0,0.0
-0.10000000000001741,0.8521437889661638,0,0.0
-0.0666666666666842,0.9313584021113172,0,0.0
-0.03333333333335098,0.9823793146181591,0,0.0
-1.7763568394002505e-14,1.0,0,0.0
0.03333333333331545,0.9823793146181964,0,0.0
0.06666666666664867,0.9313584021113878,0,0.0
0.09999999999998188,0.8521437889662608,0,0.0
0.1333333333333151,0.7524321560893618,0,0.0
0.1666666666666483,0.6411803884300173,0,0.0
0.19999999999998153,0.5272924240431109,0,0.0
0.23333333333331474,0.4184863060426226,0,0.0
0.26666666666664796,0.32053052101559243,0,0.0
0.29999999999998117,0.2369277586821646,0,0.0
0.3333333333333144,0.16901331540610023,0,0.0
0.3666666666666476,0.1163548028087299,0,0.0
0.3999999999999808,0.07730474044331873,0,0.0
0.43333333333331403,0.049566283504925014,0,0.0
0.46666666666664725,0.030670793026402965,0,0.0
0.49999999999998046,0.018315638888739907,0,0.0
0.5333333333333137,0.010555469566202343,0,0.0
0.5666666666666469,0.005870721275740581,0,0.0
0.5999999999999801,0.003151111598445645,0,0.0
0.6333333333333133,0.0016322794952201196,0,0.0
0.6666666666666465,0.0008159878350724984,0,0.0
0.6999999999999797,0.0003936690406552569,0,0.0
0.733333333333313,0.00018328936133380709,0,0.0
0.7666666666666462,8.23572188618288e-05,0,0.0
0.7999999999999794,3.571284964165405e-05,0,0.0
0.8333333333333126,1.4945338524789708e-05,0,0.0
0.8666666666666458,6.035947120534596e-06,0,0.0
0.899999999999979,2.352575200011192e-06,0,0.0
0.9333333333333123,8.849118709210571e-07,0,0.0
0.9666666666666455,3.212291482192774e-07,0,0.0
0.9999999999999787,1.1253517471933588e-07,0,0.0
1.033333333333312,3.804696784763944e-08,0,0.0
1.0666666666666451,1.2413956855357523e-08,0,0.0
1.0999999999999783,3.90893843426785e-09,0,0.0
1.1333333333333115,1.1878616118769442e-09,0,0.0
1.1666666666666448,3.48362407289848e-10,0,0.0
1.199999999999978,9.859505575999854e-11,0,0.0
1.2333333333333112,2.6930065475746334e-11,0,0.0
1.2666666666666444,7.098688188676082e-12,0,0.0
1.2999999999999776,1.8058314375148981e-12,0,0.0
1.3333333333333108,4.4333777463322985e-13,0,0.0
1.366666666666644,1.0503902528297361e-13,0,0.0
1.3999999999999773,2.4017347816234097e-14,0,0.0
1.4333333333333105,5.299779859757494e-15,0,0.0
1.4666666666666437,1.1286233516313894e-15,0,0.0
1.499999999999977,2.3195228302461403e-16,0,0.0
1.5333333333333101,4.600517527394884e-17,0,0.0
1.5666666666666433,8.805887772201875e-18,0,0.0
1.5999999999999766,1.6266646214551962e-18,0,0.0
1.6333333333333098,2.8998885999482547e-19,0,0.0
1.666666666666643,4.989109392801329e-20,0,0.0
1.6999999999999762,8.283677007693631e-21,0,0.0
1.7333333333333094,1.3273385428498462e-21,0,0.0
1.7666666666666426,2.0525732873564411e-22,0,0.0
1.7999999999999758,3.063190864581696e-23,0,0.0
1.833333333333309,4.4117191970023025e-24,0,0.0
1.8666666666666423,6.131970889821251e-25,0,0.0
1.8999999999999755,8.225280651618899e-26,0,0.0
1.9333333333333087,1.0647797533436608e-26,0,0.0
1.966666666666642,1.3302316052998274e-27,0,0.0
1.9999999999999751,1.6038108905511905e-28,0,0.0
2.0333333333333083,1.866110999125417e-29,0,0.0
2.0666666666666416,2.0954640072933998e-30,0,0.0
2.0999999999999748,2.2708129220302316e-31,0,0.0
2.133333333333308,2.3748759345392658e-32,0,0.0
2.166666666666641,2.3969496689022757e-33,0,0.0
2.1999999999999744,2.3347227834914865e-34,0,0.0
2.2333333333333076,2.1946746457042066e-35,0,0.0
2.266666666666641,1.990963919944595e-36,0,0.0
2.299999999999974,1.7430708966486108e-37,0,0.0
2.3333333333333073,1.4727367765978047e-38,0,0.0
2.3666666666666405,1.2008634611408357e-39,0,0.0
2.3999999999999737,9.449754976510286e-41,0,0.0
2.433333333333307,7.176387537554294e-42,0,0.0
2.46666666666664,5.2595627064351655e-43,0,0.0
2.4999999999999734,3.7200759760287657e-44,0,0.0
2.5333333333333066,2.5392905736091652e-45,0,0.0
2.56666666666664,1.67275142953791e-46,0,0.0
2.599999999999973,1.0634298273360152e-47,0,0.0
2.633333333333306,6.524461660057878e-49,0,0.0
2.6666666666666394,3.8631266630580096e-50,0,0.0
2.6999999999999726,2.207453839897607e-51,0,0.0
2.733333333333306,1.2173143234223038e-52,0,0.0
2.766666666666639,6.478467014691535e-54,0,0.0
2.7999999999999723,3.3273630541912765e-55,0,0.0
2.8333333333333055,1.6492502046781844e-56,0,0.0
2.8666666666666387,7.889170128906786e-58,0,0.0
2.899999999999972,3.6419544947540242e-59,0,0.0
2.933333333333305,1.6225426705882574e-60,0,0.0
2.9666666666666384,6.9761555752482115e-62,0,0.0
2.9999999999999716,2.894640311656198e-63,0,0.0
3.033333333333305,1.1591282034847481e-64,0,0.0
3.066666666666638,4.479471301920892e-66,0,0.0
3.0999999999999712,1.6706307180460543e-67,0,0.0
3.1333333333333044,6.013019121912634e-69,0,0.0
3.1666666666666377,2.0886377623930886e-70,0,0.0
3.199999999999971,7.001515989767927e-72,0,0.0
3.233333333333304,2.2650587062136582e-73,0,0.0
3.2666666666666373,7.071723288261242e-75,0,0.0
3.2999999999999705,2.130735163917079e-76,0,0.0
3.3333333333333037,6.195724613786449e-78,0,0.0
3.366666666666637,1.7386539735169383e-79,0,0.0
3.39999999999997,4.708608986806036e-81,0,0.0
3.4333333333333034,1.2306385500672433e-82,0,0.0
3.4666666666666366,3.104036517960814e-84,0,0.0
3.49999999999997,7.555819019737515e-86,0,0.0
3.533333333333303,1.7749850127565299e-87,0,0.0
3.5666666666666362,4.024076721906275e-89,0,0.0
3.5999999999999694,8.804328384736913e-91,0,0.0
3.6333333333333027,1.859022436292396e-92,0,0.0
3.666666666666636,3.7881873402063494e-94,0,0.0
3.699999999999969,7.449663975630438e-96,0,0.0
3.7333333333333023,1.4138402390553261e-97,0,0.0
3.7666666666666355,2.5895387264900434e-99,0,0.0
3.7999999999999687,4.577231742721918e-101,0,0.0
3.833333333333302,7.8080360587442e-103,0,0.0
3.866666666666635,1.2854024932308764e-104,0,0.0
3.8999999999999684,2.0421840693367465e-106,0,0.0
3.9333333333333016,3.1311873121636935e-108,0,0.0
3.966666666666635,4.633206227775131e-110,0,0.0
3.999999999999968,6.616261056736564e-112,0,0.0
4.033333333333301,9.118051745614495e-114,0,0.0
4.0666666666666345,1.2126902635064974e-115,0,0.0
4.099999999999968,1.556525167887098e-117,0,0.0
4.133333333333301,1.928061232317105e-119,0,0.0
4.166666666666634,2.30485662898148e-121,0,0.0
4.199999999999967,2.6590434112178913e-123,0,0.0
4.2333333333333005,2.9605019938758085e-125,0,0.0
4.266666666666634,3.181000274743537e-127,0,0.0
4.299999999999967,3.2985302690077835e-129,0,0.0
4.3333333333333,3.3009250183364706e-131,0,0.0
4.366666666666633,3.187933571827046e-133,0,0.0
4.399999999999967,2.9712643051431966e-135,0,0.0
4.4333333333333,2.672586230033381e-137,0,0.0
4.466666666666633,2.3199604738497483e-139,0,0.0
4.499999999999966,1.9435148500586833e-141,0,0.0
4.5333333333332995,1.571279916025893e-143,0,0.0
4.566666666666633,1.2259638770753565e-145,0,0.0
4.599999999999966,9.231243499597974e-148,0,0.0
4.633333333333299,6.708125177187337e-150,0,0.0
4.666666666666632,4.704359775956507e-152,0,0.0
4.6999999999999655,3.1838919149243253e-154,0,0.0
4.733333333333299,2.0795746881733605e-156,0,0.0
4.766666666666632,1.3108383774356771e-158,0,0.0
4.799999999999965,7.974109428650962e-161,0,0.0
4.833333333333298,4.6813773877850303e-163,0,0.0
4.866666666666632,2.6523054234661036e-165,0,0.0
4.899999999999965,1.4502131273506818e-167,0,0.0
4.933333333333298,7.652415614139797e-170,0,0.0
4.966666666666631,3.8969396911978665e-172,0,0.0
4.9999999999999645,1.9151695967248922e-174,0,0.0
-5.0,1.915169596719449e-174,1,0.02666666666666667
-4.966666666666667,3.826303565528202e-170,1,0.02666666666666667
-4.933333333333334,7.251260483697575e-168,1,0.02666666666666667
-4.9,1.3261909738038103e-165,1,0.02666666666666667
-4.866666666666667,2.3407612045359763e-163,1,0.02666666666666667
-4.833333333333334,3.987187329574896e-161,1,0.02666666666666667
-4.800000000000001,6.554425956012379e-159,1,0.02666666666666667
-4.7666666666666675,1.0398272146282083e-156,1,0.02666666666666667
-4.733333333333334,1.592011499372528e-154,1,0.02666666666666667
-4.700000000000001,2.3522838667002268e-152,1,0.02666666666666667
-4.666666666666668,3.354221783171683e-150,1,0.02666666666666667
-4.633333333333335,4.615856967763646e-148,1,0.02666666666666667
-4.600000000000001,6.130154791603932e-146,1,0.02666666666666667
-4.566666666666668,7.856861142263803e-144,1,0.02666666666666667
-4.533333333333335,9.718187232182236e-142,1,0.02666666666666667
-4.500000000000002,1.1600588009148066e-139,1,0.02666666666666667
-4.466666666666669,1.3363902907525085e-137,1,0.02666666666666667
-4.433333333333335,1.485748150587859e-135,1,0.02666666666666667
-4.400000000000002,1.5941004152170506e-133,1,0.02666666666666667
-4.366666666666669,1.6506110723753295e-131,1,0.02666666666666667
-4.333333333333336,1.6494245311744198e-129,1,0.02666666666666667
-4.3000000000000025,1.5906651836149997e-127,1,0.02666666666666667
-4.266666666666669,1.4804159234442016e-125,1,0.02666666666666667
-4.233333333333336,1.3296807556163337e-123,1,0.02666666666666667
-4.200000000000003,1.1525763395849959e-121,1,0.02666666666666667
-4.16666666666667,9.641635683246193e-120,1,0.02666666666666667
-4.133333333333336,7.783778267713699e-118,1,0.02666666666666667
-4.100000000000003,6.064415348120724e-116,1,0.02666666666666667
-4.06666666666667,4.559804135370196e-114,1,0.02666666666666667
-4.033333333333337,3.3087368734849887e-112,1,0.02666666666666667
-4.0000000000000036,2.317059016464375e-110,1,0.02666666666666667
-3.9666666666666703,1.565924469127696e-108,1,0.02666666666666667
-3.933333333333337,1.0213236949752337e-106,1,0.02666666666666667
-3.900000000000004,6.428578059782143e-105,1,0.02666666666666667
-3.8666666666666707,3.9050391213896765e-103,1,0.02666666666666667
-3.8333333333333375,2.2892585725976846e-101,1,0.02666666666666667
-3.8000000000000043,1.2951597650424004e-99,1,0.02666666666666667
-3.766666666666671,7.071489811118044e-98,1,0.02666666666666667
-3.733333333333338,3.72612675716279e-96,1,0.02666666666666667
-3.7000000000000046,1.8948005902148397e-94,1,0.02666666666666667
-3.6666666666666714,9.298837013411472e-93,1,0.02666666666666667
-3.633333333333338,4.4040582860205346e-91,1,0.02666666666666667
-3.600000000000005,2.0129678721631023e-89,1,0.02666666666666667
-3.5666666666666718,8.879327227939434e-88,1,0.02666666666666667
-3.5333333333333385,3.7799215482146705e-86,1,0.02666666666666667
-3.5000000000000053,1.5529057514806502e-84,1,0.02666666666666667
-3.466666666666672,6.156970659822111e-83,1,0.02666666666666667
-3.433333333333339,2.355856511652892e-81,1,0.02666666666666667
-3.4000000000000057,8.699423060301647e-80,1,0.02666666666666667
-3.3666666666666725,3.100216611374908e-78,1,0.02666666666666667
-3.3333333333333393,1.0662369089412977e-76,1,0.02666666666666667
-3.300000000000006,3.538959506424338e-75,1,0.02666666666666667
-3.266666666666673,1.1335947206846312e-73,1,0.02666666666666667
-3.2333333333333396,3.5042938565153453e-72,1,0.02666666666666667
-3.2000000000000064,1.0454514105458773e-70,1,0.02666666666666667
-3.166666666666673,3.010010318940507e-69,1,0.02666666666666667
-3.13333333333334,8.36359677901276e-68,1,0.02666666666666667
-3.1000000000000068,2.2427421605135617e-66,1,0.02666666666666667
-3.0666666666666735,5.80399417099401e-65,1,0.02666666666666667
-3.0333333333333403,1.4495598914741155e-63,1,0.02666666666666667
-3.000000000000007,3.493873428629712e-62,1,0.02666666666666667
-2.966666666666674,8.127186554472541e-61,1,0.02666666666666667
-2.9333333333333407,1.8244653251586207e-59,1,0.02666666666666667
-2.9000000000000075,3.952697777793527e-58,1,0.02666666666666667
-2.8666666666666742,8.264460795838147e-57,1,0.02666666666666667
-2.833333333333341,1.667626112154783e-55,1,0.02666666666666667
-2.800000000000008,3.247479758358959e-54,1,0.02666666666666667
-2.7666666666666746,6.103208432363481e-53,1,0.02666666666666667
-2.7333333333333414,1.1069661534527512e-51,1,0.02666666666666667
-2.700000000000008,1.9376499031402508e-50,1,0.02666666666666667
-2.666666666666675,3.273268099218658e-49,1,0.02666666666666667
-2.6333333333333417,5.3364647699795907e-48,1,0.02666666666666667
-2.6000000000000085,8.396379455965258e-47,1,0.02666666666666667
-2.5666666666666753,1.2749624359376024e-45,1,0.02666666666666667
-2.533333333333342,1.8684017451567613e-44,1,0.02666666666666667
-2.500000000000009,2.6424778060782298e-43,1,0.02666666666666667
-2.4666666666666757,3.606794148647295e-42,1,0.02666666666666667
-2.4333333333333425,4.751175301774354e-41,1,0.02666666666666667
-2.4000000000000092,6.040199243375724e-40,1,0.02666666666666667
-2.366666666666676,7.410932657851876e-39,1,0.02666666666666667
-2.333333333333343,8.775397656277146e-38,1,0.02666666666666667
-2.3000000000000096,1.0028456438527065e-36,1,0.02666666666666667
-2.2666666666666764,1.1060526773325323e-35,1,0.02666666666666667
-2.233333333333343,1.177316211342521e-34,1,0.02666666666666667
-2.20000000000001,1.2094482076766846e-33,1,0.02666666666666667
-2.1666666666666767,1.1991115811841756e-32,1,0.02666666666666667
-2.1333333333333435,1.147391209356887e-31,1,0.02666666666666667
-2.1000000000000103,1.0596063833168958e-30,1,0.02666666666666667
-2.066666666666677,9.444095641706713e-30,1,0.02666666666666667
-2.033333333333344,8.123827653102142e-29,1,0.02666666666666667
-2.0000000000000107,6.744463576440305e-28,1,0.02666666666666667
-1.9666666666666774,5.404089311233992e-27,1,0.02666666666666667
-1.9333333333333442,4.179151906065409e-26,1,0.02666666666666667
-1.900000000000011,3.1192244325711777e-25,1,0.02666666666666667
-1.8666666666666778,2.246986001754549e-24,1,0.02666666666666667
-1.8333333333333446,1.562255286736755e-23,1,0.02666666666666667
-1.8000000000000114,1.0483452396611223e-22,1,0.02666666666666667
-1.7666666666666782,6.78985225746494e-22,1,0.02666666666666667
-1.733333333333345,4.244467168206427e-21,1,0.02666666666666667
-1.7000000000000117,2.5609216235382933e-20,1,0.02666666666666667
-1.6666666666666785,1.4913626850098267e-19,1,0.02666666666666667
-1.6333333333333453,8.38277857690078e-19,1,0.02666666666666667
-1.600000000000012,4.5479383160902294e-18,1,0.02666666666666667
-1.5666666666666789,2.3815919947660496e-17,1,0.02666666666666667
-1.5333333333333456,1.2037908539820235e-16,1,0.02666666666666667
-1.5000000000000124,5.873142634516865e-16,1,0.02666666666666667
-1.4666666666666792,2.7658660713865205e-15,1,0.02666666666666667
-1.433333333333346,1.2572985583912571e-14,1,0.02666666666666667
-1.4000000000000128,5.5169402571277486e-14,1,0.02666666666666667
-1.3666666666666796,2.336775612243374e-13,1,0.02666666666666667
-1.3333333333333464,9.554352313968699e-13,1,0.02666666666666667
-1.3000000000000131,3.771012981639161e-12,1,0.02666666666666667
-1.26666666666668,1.4367948456465993e-11,1,0.02666666666666667
-1.2333333333333467,5.284687197233082e-11,1,0.02666666666666667
-1.2000000000000135,1.8764623635842123e-10,1,0.02666666666666667
-1.1666666666666803,6.432283335373793e-10,1,0.02666666666666667
-1.133333333333347,2.1286504177444856e-09,1,0.02666666666666667
-1.1000000000000139,6.8009092030698864e-09,1,0.02666666666666667
-1.0666666666666806,2.0977952854470504e-08,1,0.02666666666666667
-1.0333333333333474,6.247456328526337e-08,1,0.02666666666666667
-1.0000000000000142,1.7963803768514074e-07,1,0.02666666666666667
-0.966666666666681,4.987233687386926e-07,1,0.02666666666666667
-0.9333333333333478,1.336901087829473e-06,1,0.02666666666666667
-0.9000000000000146,3.4604223658066575e-06,1,0.02666666666666667
-0.8666666666666814,8.648913296685462e-06,1,0.02666666666666667
-0.8333333333333481,2.087415058608073e-05,1,0.02666666666666667
-0.8000000000000149,4.864996682359525e-05,1,0.02666666666666667
-0.7666666666666817,0.00010949464157116825,1,0.02666666666666667
-0.7333333333333485,0.000237983491237936,1,0.02666666666666667
-0.7000000000000153,0.0004995121499713658,1,0.02666666666666667
-0.6666666666666821,0.0010124723957295563,1,0.02666666666666667
-0.6333333333333488,0.001981696983125916,1,0.02666666666666667
-0.6000000000000156,0.003745140179088498,1,0.02666666666666667
-0.5666666666666824,0.00683299289562831,1,0.02666666666666667
-0.5333333333333492,0.012032980630312157,1,0.02666666666666667
-0.500000000000016,0.020447275374870403,1,0.02666666666666667
-0.4666666666666828,0.03351669043029788,1,0.02666666666666667
-0.43333333333334956,0.05298070166480793,1,0.02666666666666667
-0.40000000000001634,0.0807442184215592,1,0.02666666666666667
-0.3666666666666831,0.11864113234675251,1,0.02666666666666667
-0.3333333333333499,0.16812201620588885,1,0.02666666666666667
-0.3000000000000167,0.2299370553871808,1,0.02666666666666667
-0.2666666666666835,0.3039078272600995,1,0.02666666666666667
-0.23333333333335027,0.38885197541910943,1,0.02666666666666667
-0.20000000000001705,0.4826370468038027,1,0.02666666666666667
-0.16666666666668384,0.5822389202533232,1,0.02666666666666667
-0.13333333333335062,0.6836547393847303,1,0.02666666666666667
-0.10000000000001741,0.7816404143670361,1,0.02666666666666667
-0.0666666666666842,0.8694775356489546,1,0.02666666666666667
-0.03333333333335098,0.9391648956923278,1,0.02666666666666667
-1.7763568394002505e-14,0.9823793146181631,1,0.02666666666666667
0.03333333333331545,0.9921935064189983,1,0.02666666666666667
0.06666666666664867,0.965045567935417,1,0.02666666666666667
0.09999999999998188,0.9021501438336131,1,0.02666666666666667
0.1333333333333151,0.8096694380114404,1,0.02666666666666667
0.1666666666666483,0.6974856598790414,1,0.02666666666666667
0.19999999999998153,0.5770296476687335,1,0.02666666666666667
0.23333333333331474,0.45897096963949824,1,0.02666666666666667
0.26666666666664796,0.35150623746460274,1,0.02666666666666667
0.29999999999998117,0.25960678103443935,1,0.02666666666666667
0.3333333333333144,0.18516054528494635,1,0.02666666666666667
0.3666666666666476,0.12767692350262008,1,0.02666666666666667
0.3999999999999808,0.08517686789206101,1,0.02666666666666667
0.43333333333331403,0.054994831804888934,1,0.02666666666666667
0.46666666666664725,0.034365231963350035,1,0.02666666666666667
0.49999999999998046,0.02077898721772374,1,0.02666666666666667
0.5333333333333137,0.012153379534161303,1,0.02666666666666667
0.5666666666666469,0.006873588269015427,1,0.02666666666666667
0.5999999999999801,0.003757860591869734,1,0.02666666666666667
0.6333333333333133,0.001985402450390846,1,0.02666666666666667
0.6666666666666465,0.0010134761401450775,1,0.02666666666666667
0.6999999999999797,0.0004997650464345544,1,0.02666666666666667
0.733333333333313,0.0002380427682789572,1,0.02666666666666667
0.7666666666666462,0.00010950756940420028,1,0.02666666666666667
0.7999999999999794,4.865259056298026e-05,1,0.02666666666666667
0.8333333333333126,2.0874646176088698e-05,1,0.02666666666666667
0.8666666666666458,8.64900042810716e-06,1,0.02666666666666667
0.899999999999979,3.460436625645551e-06,1,0.02666666666666667
0.9333333333333123,1.3369032603996158e-06,1,0.02666666666666667
0.9666666666666455,4.987236769011672e-07,1,0.02666666666666667
0.9999999999999787,1.796380783815772e-07,1,0.02666666666666667
1.033333333333312,6.247456828935854e-08,1,0.02666666666666667
1.0666666666666451,2.0977953427412037e-08,1,0.02666666666666667
1.0999999999999783,6.800909264156295e-09,1,0.02666666666666667
1.1333333333333115,2.1286504238105377e-09,1,0.02666666666666667
1.1666666666666448,6.432283340987302e-10,1,0.02666666666666667
1.199999999999978,1.8764623640692338e-10,1,0.02666666666666667
1.2333333333333112,5.284687197627143e-11,1,0.02666666666666667
1.2666666666666444,1.436794845677501e-11,1,0.02666666666666667
1.2999999999999776,3.771012981664695e-12,1,0.02666666666666667
1.3333333333333108,9.554352313995859e-13,1,0.02666666666666667
1.366666666666644,2.3367756122477116e-13,1,0.02666666666666667
1.3999999999999773,5.516940257136776e-14,1,0.02666666666666667
1.4333333333333105,1.2572985583932859e-14,1,0.02666666666666667
1.4666666666666437,2.7658660713910596e-15,1,0.02666666666666667
1.499999999999977,5.873142634526694e-16,1,0.02666666666666667
1.5333333333333101,1.2037908539840795e-16,1,0.02666666666666667
1.5666666666666433,2.381591994770202e-17,1,0.02666666666666667
1.5999999999999766,4.547938316098351e-18,1,0.02666666666666667
1.6333333333333098,8.382778576916047e-19,1,0.02666666666666667
1.666666666666643,1.4913626850125954e-19,1,0.02666666666666667
1.6999999999999762,2.5609216235431565e-20,1,0.02666666666666667
1.7333333333333094,4.2444671682146375e-21,1,0.02666666666666667
1.7666666666666426,6.789852257478316e-22,1,0.02666666666666667
1.7999999999999758,1.0483452396632321e-22,1,0.02666666666666667
1.833333333333309,1.562255286739954e-23,1,0.02666666666666667
1.8666666666666423,2.2469860017592457e-24,1,0.02666666666666667
1.8999999999999755,3.1192244325778087e-25,1,0.02666666666666667
1.9333333333333087,4.179151906074441e-26,1,0.02666666666666667
1.966666666666642,5.404089311245863e-27,1,0.02666666666666667
1.9999999999999751,6.744463576455407e-28,1,0.02666666666666667
2.0333333333333083,8.123827653120623e-29,1,0.02666666666666667
2.0666666666666416,9.444095641728596e-30,1,0.02666666666666667
2.0999999999999748,1.0596063833193963e-30,1,0.02666666666666667
2.133333333333308,1.147391209359627e-31,1,0.02666666666666667
2.166666666666641,1.1991115811870903e-32,1,0.02666666666666667
2.1999999999999744,1.2094482076796588e-33,1,0.02666666666666667
2.2333333333333076,1.1773162113454661e-34,1,0.02666666666666667
2.266666666666641,1.1060526773353463e-35,1,0.02666666666666667
2.299999999999974,1.0028456438552865e-36,1,0.02666666666666667
2.3333333333333073,8.775397656300096e-38,1,0.02666666666666667
2.3666666666666405,7.410932657871575e-39,1,0.02666666666666667
2.3999999999999737,6.04019924339195e-40,1,0.02666666666666667
2.433333333333307,4.75117530178732e-41,1,0.02666666666666667
2.46666666666664,3.606794148657291e-42,1,0.02666666666666667
2.4999999999999734,2.6424778060856285e-43,1,0.02666666666666667
2.5333333333333066,1.8684017451620723e-44,1,0.02666666666666667
2.56666666666664,1.2749624359412626e-45,1,0.02666666666666667
2.599999999999973,8.39637945598984e-47,1,0.02666666666666667
2.633333333333306,5.336464769995366e-48,1,0.02666666666666667
2.6666666666666394,3.2732680992284273e-49,1,0.02666666666666667
2.6999999999999726,1.9376499031461162e-50,1,0.02666666666666667
2.733333333333306,1.1069661534561492e-51,1,0.02666666666666667
2.766666666666639,6.103208432382475e-53,1,0.02666666666666667
2.7999999999999723,3.247479758369159e-54,1,0.02666666666666667
2.8333333333333055,1.6676261121600915e-55,1,0.02666666666666667
2.8666666666666387,8.264460795864691e-57,1,0.02666666666666667
2.899999999999972,3.952697777806334e-58,1,0.02666666666666667
2.933333333333305,1.8244653251646363e-59,1,0.02666666666666667
2.9666666666666384,8.127186554499567e-61,1,0.02666666666666667
2.9999999999999716,3.4938734286415297e-62,1,0.02666666666666667
3.033333333333305,1.4495598914790594e-63,1,0.02666666666666667
3.066666666666638,5.80399417101397e-65,1,0.02666666666666667
3.0999999999999712,2.2427421605214022e-66,1,0.02666666666666667
3.1333333333333044,8.363596779042237e-68,1,0.02666666666666667
3.1666666666666377,3.010010318951201e-69,1,0.02666666666666667
3.199999999999971,1.0454514105496511e-70,1,0.02666666666666667
3.233333333333304,3.504293856528094e-72,1,0.02666666666666667
3.2666666666666373,1.1335947206887877e-73,1,0.02666666666666667
3.2999999999999705,3.5389595064375143e-75,1,0.02666666666666667
3.3333333333333037,1.0662369089452979e-76,1,0.02666666666666667
3.366666666666637,3.1002166113866274e-78,1,0.02666666666666667
3.39999999999997,8.699423060335027e-80,1,0.02666666666666667
3.4333333333333034,2.3558565116619984e-81,1,0.02666666666666667
3.4666666666666366,6.1569706598460855e-83,1,0.02666666666666667
3.49999999999997,1.5529057514867853e-84,1,0.02666666666666667
3.533333333333303,3.779921548229711e-86,1,0.02666666666666667
3.5666666666666362,8.879327227975017e-88,1,0.02666666666666667
3.5999999999999694,2.0129678721712837e-89,1,0.02666666666666667
3.6333333333333027,4.40405828603856e-91,1,0.02666666666666667
3.666666666666636,9.298837013449795e-93,1,0.02666666666666667
3.699999999999969,1.8948005902227022e-94,1,0.02666666666666667
3.7333333333333023,3.726126757178464e-96,1,0.02666666666666667
3.7666666666666355,7.071489811147992e-98,1,0.02666666666666667
3.7999999999999687,1.295159765047959e-99,1,0.02666666666666667
3.833333333333302,2.2892585726075747e-101,1,0.02666666666666667
3.866666666666635,3.9050391214067685e-103,1,0.02666666666666667
3.8999999999999684,6.428578059810463e-105,1,0.02666666666666667
3.9333333333333016,1.021323694979762e-106,1,0.02666666666666667
3.966666666666635,1.5659244691346836e-108,1,0.02666666666666667
3.999999999999968,2.317059016474846e-110,1,0.02666666666666667
4.033333333333301,3.308736873500035e-112,1,0.02666666666666667
4.0666666666666345,4.559804135391191e-114,1,0.02666666666666667
4.099999999999968,6.064415348148646e-116,1,0.02666666666666667
4.133333333333301,7.783778267749981e-118,1,0.02666666666666667
4.166666666666634,9.641635683291134e-120,1,0.02666666666666667
4.199999999999967,1.1525763395904338e-121,1,0.02666666666666667
4.2333333333333005,1.329680755622683e-123,1,0.02666666666666667
4.266666666666634,1.4804159234513546e-125,1,0.02666666666666667
4.299999999999967,1.5906651836226853e-127,1,0.02666666666666667
4.3333333333333,1.6494245311824832e-129,1,0.02666666666666667
4.366666666666633,1.6506110723834925e-131,1,0.02666666666666667
4.399999999999967,1.5941004152250247e-133,1,0.02666666666666667
4.4333333333333,1.485748150595291e-135,1,0.02666666666666667
4.466666666666633,1.3363902907591933e-137,1,0.02666666666666667
4.499999999999966,1.1600588009206754e-139,1,0.02666666666666667
4.5333333333332995,9.718187232231955e-142,1,0.02666666666666667
4.566666666666633,7.856861142304445e-144,1,0.02666666666666667
4.599999999999966,6.130154791635642e-146,1,0.02666666666666667
4.633333333333299,4.615856967787785e-148,1,0.02666666666666667
4.666666666666632,3.354221783189415e-150,1,0.02666666666666667
4.6999999999999655,2.352283866712662e-152,1,0.02666666666666667
4.733333333333299,1.5920114993810344e-154,1,0.02666666666666667
4.766666666666632,1.0398272146338235e-156,1,0.02666666666666667
4.799999999999965,6.554425956047775e-159,1,0.02666666666666667
4.833333333333298,3.987187329596654e-161,1,0.02666666666666667
4.866666666666632,2.3407612045488826e-163,1,0.02666666666666667
4.899999999999965,1.3261909738111225e-165,1,0.02666666666666667
4.933333333333298,7.251260483737969e-168,1,0.02666666666666667
4.966666666666631,3.826303565549735e-170,1,0.02666666666666667
4.9999999999999645,1.9580456935825033e-172,1,0.02666666666666667
-5.0,9.885986947748489e-173,2,0.05333333333333334
-4.966666666666667,3.6256311994335857e-168,2,0.05333333333333334
-4.933333333333334,6.631146184197328e-166,2,0.05333333333333334
-4.9,1.1704168585704066e-163,2,0.05333333333333334
-4.866666666666667,1.993659974336138e-161,2,0.05333333333333334
-4.833333333333334,3.2773300160664163e-159,2,0.05333333333333334
-4.800000000000001,5.19933543250752e-157,2,0.05333333333333334
-4.7666666666666675,7.96038521816044e-155,2,0.05333333333333334
-4.733333333333334,1.1761939247108449e-152,2,0.05333333333333334
-4.700000000000001,1.67719049216081e-150,2,0.05333333333333334
-4.666666666666668,2.308046098075158e-148,2,0.05333333333333334
-4.633333333333335,3.065245106891125e-146,2,0.05333333333333334
-4.600000000000001,3.9286613639802896e-144,2,0.05333333333333334
-4.566666666666668,4.859400123830698e-142,2,0.05333333333333334
-4.533333333333335,5.800686847631147e-140,2,0.05333333333333334
-4.500000000000002,6.682437363124151e-138,2,0.05333333333333334
-4.466666666666669,7.429320782339752e-136,2,0.05333333333333334
-4.433333333333335,7.971170271230629e-134,2,0.05333333333333334
-4.400000000000002,8.253798235951942e-132,2,0.05333333333333334
-4.366666666666669,8.247919706079707e-130,2,0.05333333333333334
-4.333333333333336,7.954151223611186e-128,2,0.05333333333333334
-4.3000000000000025,7.402904329486595e-126,2,0.05333333333333334
-4.266666666666669,6.649199110673476e-124,2,0.05333333333333334
-4.233333333333336,5.763621905886702e-122,2,0.05333333333333334
-4.200000000000003,4.821482682000905e-120,2,0.05333333333333334
-4.16666666666667,3.8924654220266423e-118,2,0.05333333333333334
-4.133333333333336,3.032689755844524e-116,2,0.05333333333333334
-4.100000000000003,2.2802912565984836e-114,2,0.05333333333333334
-4.06666666666667,1.6546716575099003e-112,2,0.05333333333333334
-4.033333333333337,1.1587574984389561e-110,2,0.05333333333333334
-4.0000000000000036,7.831276714075223e-109,2,0.05333333333333334
-3.9666666666666703,5.1077770043844e-107,2,0.05333333333333334
-3.933333333333337,3.2150719921256353e-105,2,0.05333333333333334
-3.900000000000004,1.9530302225423258e-103,2,0.05333333333333334
-3.8666666666666707,1.1449507152018314e-101,2,0.05333333333333334
-3.8333333333333375,6.477751344772697e-100,2,0.05333333333333334
-3.8000000000000043,3.536889534845321e-98,2,0.05333333333333334
-3.766666666666671,1.863710958463916e-96,2,0.05333333333333334
-3.733333333333338,9.477538695979757e-95,2,0.05333333333333334
-3.7000000000000046,4.651281570084317e-93,2,0.05333333333333334
-3.6666666666666714,2.2029765433053747e-91,2,0.05333333333333334
-3.633333333333338,1.0069488779322217e-89,2,0.05333333333333334
-3.600000000000005,4.4418656431127276e-88,2,0.05333333333333334
-3.5666666666666718,1.8909672580434167e-86,2,0.05333333333333334
-3.5333333333333385,7.768968421017221e-85,2,0.05333333333333334
-3.5000000000000053,3.0803752906851627e-83,2,0.05333333333333334
-3.466666666666672,1.1787047087021865e-81,2,0.05333333333333334
-3.433333333333339,4.352790015480735e-80,2,0.05333333333333334
-3.4000000000000057,1.5512862339432803e-78,2,0.05333333333333334
-3.3666666666666725,5.335534256236639e-77,2,0.05333333333333334
-3.3333333333333393,1.7710298615178563e-75,2,0.05333333333333334
-3.300000000000006,5.673304787967862e-74,2,0.05333333333333334
-3.266666666666673,1.753916408010885e-72,2,0.05333333333333334
-3.2333333333333396,5.2329250263328095e-71,2,0.05333333333333334
-3.2000000000000064,1.506757306398511e-69,2,0.05333333333333334
-3.166666666666673,4.1870256465591096e-68,2,0.05333333333333334
-3.13333333333334,1.1228760854162511e-66,2,0.05333333333333334
-3.1000000000000068,2.9061788838865115e-65,2,0.05333333333333334
-3.0666666666666735,7.259013168173145e-64,2,0.05333333333333334
-3.0333333333333403,1.749838711400353e-62,2,0.05333333333333334
-3.000000000000007,4.070841076693641e-61,2,0.05333333333333334
-2.966666666666674,9.139795992936252e-60,2,0.05333333333333334
-2.9333333333333407,1.9804124821739996e-58,2,0.05333333333333334
-2.9000000000000075,4.1413527245448664e-57,2,0.05333333333333334
-2.8666666666666742,8.357894049662882e-56,2,0.05333333333333334
-2.833333333333341,1.6278721095773984e-54,2,0.05333333333333334
-2.800000000000008,3.059942346742514e-53,2,0.05333333333333334
-2.7666666666666746,5.551068166055551e-52,2,0.05333333333333334
-2.7333333333333414,9.718765557863071e-51,2,0.05333333333333334
-2.700000000000008,1.6421688803765926e-49,2,0.05333333333333334
-2.666666666666675,2.6779206345054967e-48,2,0.05333333333333334
-2.6333333333333417,4.2145560684787223e-47,2,0.05333333333333334
-2.6000000000000085,6.40149450353791e-46,2,0.05333333333333334
-2.5666666666666753,9.383990623063633e-45,2,0.05333333333333334
-2.533333333333342,1.3276137152188029e-43,2,0.05333333333333334
-2.500000000000009,1.8127390830494314e-42,2,0.05333333333333334
-2.4666666666666757,2.388800039917568e-41,2,0.05333333333333334
-2.4333333333333425,3.0381335924310983e-40,2,0.05333333333333334
-2.4000000000000092,3.72922220543481e-39,2,0.05333333333333334
-2.366666666666676,4.4178998243554516e-38,2,0.05333333333333334
-2.333333333333343,5.051282882552792e-37,2,0.05333333333333334
-2.3000000000000096,5.5741403749440475e-36,2,0.05333333333333334
-2.2666666666666764,5.93672333890524e-35,2,0.05333333333333334
-2.233333333333343,6.10254367225005e-34,2,0.05333333333333334
-2.20000000000001,6.054423716488004e-33,2,0.05333333333333334
-2.1666666666666767,5.797428457168269e-32,2,0.05333333333333334
-2.1333333333333435,5.357987495643688e-31,2,0.05333333333333334
-2.1000000000000103,4.779417381321201e-30,2,0.05333333333333334
-2.066666666666677,4.114894145716916e-29,2,0.05333333333333334
-2.033333333333344,3.4194522664286857e-28,2,0.05333333333333334
-2.0000000000000107,2.7426637938825068e-27,2,0.05333333333333334
-1.9666666666666774,2.123298270914906e-26,2,0.05333333333333334
-1.9333333333333442,1.5866326628417588e-25,2,0.05333333333333334
-1.900000000000011,1.1443887604076015e-24,2,0.05333333333333334
-1.8666666666666778,7.967237655312334e-24,2,0.05333333333333334
-1.8333333333333446,5.35407549839334e-23,2,0.05333333333333334
-1.8000000000000114,3.473038893069308e-22,2,0.05333333333333334
-1.7666666666666782,2.1746508460862694e-21,2,0.05333333333333334
-1.733333333333345,1.3144100730564713e-20,2,0.05333333333333334
-1.7000000000000117,7.669036783459455e-20,2,0.05333333333333334
-1.6666666666666785,4.319435369627305e-19,2,0.05333333333333334
-1.6333333333333453,2.348537292295606e-18,2,0.05333333333333334
-1.600000000000012,1.2327098902675287e-17,2,0.05333333333333334
-1.5666666666666789,6.24635118571463e-17,2,0.05333333333333334
-1.5333333333333456,3.0556509169967344e-16,2,0.05333333333333334
-1.5000000000000124,1.4431225783923598e-15,2,0.05333333333333334
-1.4666666666666792,6.580149923682097e-15,2,0.05333333333333334
-1.433333333333346,2.89676343213314e-14,2,0.05333333333333334
-1.4000000000000128,1.2312527340411412e-13,2,0.05333333333333334
-1.3666666666666796,5.053023169838917e-13,2,0.05333333333333334
-1.3333333333333464,2.002345271428916e-12,2,0.05333333333333334
-1.3000000000000131,7.661691843890326e-12,2,0.05333333333333334
-1.26666666666668,2.830894247642928e-11,2,0.05333333333333334
-1.2333333333333467,1.0100709240044268e-10,2,0.05333333333333334
-1.2000000000000135,3.480376026726651e-10,2,0.05333333333333334
-1.1666666666666803,1.1581483261522651e-09,2,0.05333333333333334
-1.133333333333347,3.722068759135908e-09,2,0.05333333333333334
-1.1000000000000139,1.1553301548998824e-08,2,0.05333333333333334
-1.0666666666666806,3.463773547280289e-08,2,0.05333333333333334
-1.0333333333333474,1.0030798890385561e-07,2,0.05333333333333334
-1.0000000000000142,2.8059891704759245e-07,2,0.05333333333333334
-0.966666666666681,7.582692117503681e-07,2,0.05333333333333334
-0.9333333333333478,1.979570522113085e-06,2,0.05333333333333334
-0.9000000000000146,4.992892588978128e-06,2,0.05333333333333334
-0.8666666666666814,1.2167201724815746e-05,2,0.05333333333333334
-0.8333333333333481,2.8648981657026213e-05,2,0.05333333333333334
-0.8000000000000149,6.518208540935048e-05,2,0.05333333333333334
-0.7666666666666817,0.00014330587516619967,2,0.05333333333333334
-0.7333333333333485,0.00030445589110897976,2,0.05333333333333334
-0.7000000000000153,0.0006250342506417436,2,0.05333333333333334
-0.6666666666666821,0.0012398690444396486,2,0.05333333333333334
-0.6333333333333488,0.0023762060924872454,2,0.05333333333333334
-0.6000000000000156,0.004398792405581358,2,0.05333333333333334
-0.5666666666666824,0.007862907095122638,2,0.05333333333333334
-0.5333333333333492,0.013565853879580541,2,0.05333333333333334
-0.500000000000016,0.02257912034739483,2,0.05333333333333334
-0.4666666666666828,0.03623621578411125,2,0.05333333333333334
-0.43333333333334956,0.05605120237170693,2,0.05333333333333334
-0.40000000000001634,0.08355716429865537,2,0.05333333333333334
-0.3666666666666831,0.1200840406087991,2,0.05333333333333334
-0.3333333333333499,0.1665300276358451,2,0.05333333333333334
-0.3000000000000167,0.2231959307056299,2,0.05333333333333334
-0.2666666666666835,0.28972755353370183,2,0.05333333333333334
-0.23333333333335027,0.36515672673644284,2,0.05333333333333334
-0.20000000000001705,0.44798618754213393,2,0.05333333333333334
-0.16666666666668384,0.5362568363471251,2,0.05333333333333334
-0.13333333333335062,0.6275477518873563,2,0.05333333333333334
-0.10000000000001741,0.7188446610538474,2,0.05333333333333334
-0.0666666666666842,0.8061888622439002,2,0.05333333333333334
-0.03333333333335098,0.8841128385752643,2,0.05333333333333334
-1.7763568394002505e-14,0.9451957504798137,2,0.05333333333333334
0.03333333333331545,0.9804636751963621,2,0.05333333333333334
0.06666666666664867,0.9812864395585092,2,0.05333333333333334
0.09999999999998188,0.9425071728418346,2,0.05333333333333334
0.1333333333333151,0.8652956291127487,2,0.05333333333333334
0.1666666666666483,0.7578698197522988,2,0.05333333333333334
0.19999999999998153,0.633394693712286,2,0.05333333333333334
0.23333333333331474,0.5061492584291044,2,0.05333333333333334
0.26666666666664796,0.38794060937952035,2,0.05333333333333334
0.29999999999998117,0.28618783286403515,2,0.05333333333333334
0.3333333333333144,0.2038607090613236,2,0.05333333333333334
0.3666666666666476,0.1405745723297671,2,0.05333333333333334
0.3999999999999808,0.09399127070772367,2,0.05333333333333334
0.43333333333331403,0.06098587585890688,2,0.05333333333333334
0.46666666666664725,0.03840544255439708,2,0.05333333333333334
0.49999999999998046,0.023465958655514367,2,0.05333333333333334
0.5333333333333137,0.01390319176219006,2,0.05333333333333334
0.5666666666666469,0.007982336686590206,2,0.05333333333333334
0.5999999999999801,0.004438156238263522,2,0.05333333333333334
0.6333333333333133,0.002388287242475662,2,0.05333333333333334
0.6666666666666465,0.0012433221599703762,2,0.05333333333333334
0.6999999999999797,0.0006259535481174402,2,0.05333333333333334
0.733333333333313,0.0003046838625581535,2,0.05333333333333334
0.7666666666666462,0.000143358538877961,2,0.05333333333333334
0.7999999999999794,6.519341902152527e-05,2,0.05333333333333334
0.8333333333333126,2.8651253949415726e-05,2,0.05333333333333334
0.8666666666666458,1.2167626156113393e-05,2,0.05333333333333334
0.899999999999979,4.992966447833004e-06,2,0.05333333333333334
0.9333333333333123,1.979582496452626e-06,2,0.05333333333333334
0.9666666666666455,7.582710203986942e-07,2,0.05333333333333334
0.9999999999999787,2.8059917155970976e-07,2,0.05333333333333334
1.033333333333312,1.0030802227044755e-07,2,0.05333333333333334
1.0666666666666451,3.463773954812128e-08,2,0.05333333333333334
1.0999999999999783,1.1553302012719963e-08,2,0.05333333333333334
1.1333333333333115,3.7220688082952374e-09,2,0.05333333333333334
1.1666666666666448,1.158148331007919e-09,2,0.05333333333333334
1.199999999999978,3.4803760311969077e-10,2,0.05333333333333334
1.2333333333333112,1.0100709243885012e-10,2,0.05333333333333334
1.2666666666666444,2.8308942479523775e-11,2,0.05333333333333334
1.2999999999999776,7.661691844128402e-12,2,0.05333333333333334
1.3333333333333108,2.0023452714475666e-12,2,0.05333333333333334
1.366666666666644,5.053023169856588e-13,2,0.05333333333333334
1.3999999999999773,1.231252734043629e-13,2,0.05333333333333334
1.4333333333333105,2.896763432138001e-14,2,0.05333333333333334
1.4666666666666437,6.5801499236927954e-15,2,0.05333333333333334
1.499999999999977,1.4431225783947353e-15,2,0.05333333333333334
1.5333333333333101,3.0556509170018576e-16,2,0.05333333333333334
1.5666666666666433,6.246351185725315e-17,2,0.05333333333333334
1.5999999999999766,1.2327098902696812e-17,2,0.05333333333333334
1.6333333333333098,2.348537292299805e-18,2,0.05333333333333334
1.666666666666643,4.3194353696351815e-19,2,0.05333333333333334
1.6999999999999762,7.66903678347371e-20,2,0.05333333333333334
1.7333333333333094,1.3144100730589699e-20,2,0.05333333333333334
1.7666666666666426,2.1746508460904805e-21,2,0.05333333333333334
1.7999999999999758,3.4730388930761558e-22,2,0.05333333333333334
1.833333333333309,5.354075498404123e-23,2,0.05333333333333334
1.8666666666666423,7.967237655328661e-24,2,0.05333333333333334
1.8999999999999755,1.144388760409995e-24,2,0.05333333333333334
1.9333333333333087,1.5866326628451337e-25,2,0.05333333333333334
1.966666666666642,2.1232982709194975e-26,2,0.05333333333333334
1.9999999999999751,2.742663793888535e-27,2,0.05333333333333334
2.0333333333333083,3.4194522664363464e-28,2,0.05333333333333334
2.0666666666666416,4.114894145726281e-29,2,0.05333333333333334
2.0999999999999748,4.779417381332279e-30,2,0.05333333333333334
2.133333333333308,5.357987495656336e-31,2,0.05333333333333334
2.166666666666641,5.797428457182119e-32,2,0.05333333333333334
2.1999999999999744,6.054423716502725e-33,2,0.05333333333333334
2.2333333333333076,6.102543672265061e-34,2,0.05333333333333334
2.266666666666641,5.936723338920095e-35,2,0.05333333333333334
2.299999999999974,5.574140374958232e-36,2,0.05333333333333334
2.3333333333333073,5.051282882565791e-37,2,0.05333333333333334
2.3666666666666405,4.4178998243670077e-38,2,0.05333333333333334
2.3999999999999737,3.729222205444724e-39,2,0.05333333333333334
2.433333333333307,3.0381335924392614e-40,2,0.05333333333333334
2.46666666666664,2.388800039924088e-41,2,0.05333333333333334
2.4999999999999734,1.812739083054456e-42,2,0.05333333333333334
2.5333333333333066,1.3276137152225206e-43,2,0.05333333333333334
2.56666666666664,9.383990623090311e-45,2,0.05333333333333334
2.599999999999973,6.40149450355629e-46,2,0.05333333333333334
2.633333333333306,4.2145560684910623e-47,2,0.05333333333333334
2.6666666666666394,2.6779206345134134e-48,2,0.05333333333333334
2.6999999999999726,1.6421688803814944e-49,2,0.05333333333333334
2.733333333333306,9.718765557892493e-51,2,0.05333333333333334
2.766666666666639,5.5510681660725916e-52,2,0.05333333333333334
2.7999999999999723,3.0599423467520384e-53,2,0.05333333333333334
2.8333333333333055,1.6278721095825116e-54,2,0.05333333333333334
2.8666666666666387,8.35789404968949e-56,2,0.05333333333333334
2.899999999999972,4.1413527245581686e-57,2,0.05333333333333334
2.933333333333305,1.9804124821804168e-58,2,0.05333333333333334
2.9666666666666384,9.139795992966389e-60,2,0.05333333333333334
2.9999999999999716,4.070841076707179e-61,2,0.05333333333333334
3.033333333333305,1.7498387114062718e-62,2,0.05333333333333334
3.066666666666638,7.259013168197904e-64,2,0.05333333333333334
3.0999999999999712,2.9061788838965063e-65,2,0.05333333333333334
3.1333333333333044,1.1228760854201767e-66,2,0.05333333333333334
3.1666666666666377,4.187025646573867e-68,2,0.05333333333333334
3.199999999999971,1.5067573064038646e-69,2,0.05333333333333334
3.233333333333304,5.2329250263516994e-71,2,0.05333333333333334
3.2666666666666373,1.7539164080172658e-72,2,0.05333333333333334
3.2999999999999705,5.673304787988665e-74,2,0.05333333333333334
3.3333333333333037,1.7710298615244504e-75,2,0.05333333333333334
3.366666666666637,5.335534256256657e-77,2,0.05333333333333334
3.39999999999997,1.5512862339491446e-78,2,0.05333333333333334
3.4333333333333034,4.352790015497437e-80,2,0.05333333333333334
3.4666666666666366,1.1787047087067427e-81,2,0.05333333333333334
3.49999999999997,3.0803752906971577e-83,2,0.05333333333333334
3.533333333333303,7.768968421047914e-85,2,0.05333333333333334
3.5666666666666362,1.890967258050941e-86,2,0.05333333333333334
3.5999999999999694,4.441865643130528e-88,2,0.05333333333333334
3.6333333333333027,1.0069488779363143e-89,2,0.05333333333333334
3.666666666666636,2.2029765433143912e-91,2,0.05333333333333334
3.699999999999969,4.651281570103487e-93,2,0.05333333333333334
3.7333333333333023,9.477538696019085e-95,2,0.05333333333333334
3.7666666666666355,1.863710958471756e-96,2,0.05333333333333334
3.7999999999999687,3.5368895348603e-98,2,0.05333333333333334
3.833333333333302,6.477751344800498e-100,2,0.05333333333333334
3.866666666666635,1.1449507152067778e-101,2,0.05333333333333334
3.8999999999999684,1.9530302225508742e-103,2,0.05333333333333334
3.9333333333333016,3.215071992139799e-105,2,0.05333333333333334
3.966666666666635,5.1077770044070477e-107,2,0.05333333333333334
3.999999999999968,7.831276714110168e-109,2,0.05333333333333334
4.033333333333301,1.1587574984441926e-110,2,0.05333333333333334
4.0666666666666345,1.654671657517425e-112,2,0.05333333333333334
4.099999999999968,2.280291256608983e-114,2,0.05333333333333334
4.133333333333301,3.0326897558584875e-116,2,0.05333333333333334
4.166666666666634,3.892465422044786e-118,2,0.05333333333333334
4.199999999999967,4.821482682023378e-120,2,0.05333333333333334
4.2333333333333005,5.763621905913895e-122,2,0.05333333333333334
4.266666666666634,6.649199110705226e-124,2,0.05333333333333334
4.299999999999967,7.402904329522364e-126,2,0.05333333333333334
4.3333333333333,7.954151223649618e-128,2,0.05333333333333334
4.366666666666633,8.247919706120029e-130,2,0.05333333333333334
4.399999999999967,8.25379823599276e-132,2,0.05333333333333334
4.4333333333333,7.971170271270503e-134,2,0.05333333333333334
4.466666666666633,7.429320782376915e-136,2,0.05333333333333334
4.499999999999966,6.682437363157579e-138,2,0.05333333333333334
4.5333333333332995,5.800686847660492e-140,2,0.05333333333333334
4.566666666666633,4.8594001238555595e-142,2,0.05333333333333334
4.599999999999966,3.928661364000612e-144,2,0.05333333333333334
4.633333333333299,3.0652451069069807e-146,2,0.05333333333333334
4.666666666666632,2.308046098087228e-148,2,0.05333333333333334
4.6999999999999655,1.6771904921696764e-150,2,0.05333333333333334
4.733333333333299,1.1761939247170626e-152,2,0.05333333333333334
4.766666666666632,7.960385218202974e-155,2,0.05333333333333334
4.799999999999965,5.199335432535598e-157,2,0.05333333333333334
4.833333333333298,3.277330016084115e-159,2,0.05333333333333334
4.866666666666632,1.9936599743470175e-161,2,0.05333333333333334
4.899999999999965,1.17041685857686e-163,2,0.05333333333333334
4.933333333333298,6.63114618423389e-166,2,0.05333333333333334
4.966666666666631,3.625728144153664e-168,2,0.05333333333333334
4.9999999999999645,1.9132475412547033e-170,2,0.05333333333333334
-5.0,9.615667641012258e-171,3,0.08
-4.966666666666667,3.315573586398011e-166,3,0.08
-4.933333333333334,5.8522655744120045e-164,3,0.08
-4.9,9.968631428989901e-162,3,0.08
-4.866666666666667,1.6387235288761367e-159,3,0.08
-4.833333333333334,2.5997673992524768e-157,3,0.08
-4.800000000000001,3.980356475581024e-155,3,0.08
-4.7666666666666675,5.88122959032585e-153,3,0.08
-4.733333333333334,8.386350480064959e-151,3,0.08
-4.700000000000001,1.1540818587338146e-148,3,0.08
-4.666666666666668,1.5327064129701705e-146,3,0.08
-4.633333333333335,1.9644460842950487e-144,3,0.08
-4.600000000000001,2.4298533241706934e-142,3,0.08
-4.566666666666668,2.900539856883772e-140,3,0.08
-4.533333333333335,3.341461651568267e-138,3,0.08
-4.500000000000002,3.714950425512258e-136,3,0.08
-4.466666666666669,3.985919257483471e-134,3,0.08
-4.433333333333335,4.127270584015088e-132,3,0.08
-4.400000000000002,4.124358411553415e-130,3,0.08
-4.366666666666669,3.977488301717391e-128,3,0.08
-4.333333333333336,3.7018645607286016e-126,3,0.08
-4.3000000000000025,3.3249972628979186e-124,3,0.08
-4.266666666666669,2.8821810981598254e-122,3,0.08
-4.233333333333336,2.4110738009559862e-120,3,0.08
-4.200000000000003,1.9465208921086156e-118,3,0.08
-4.16666666666667,1.516585952056362e-116,3,0.08
-4.133333333333336,1.1403402515703432e-114,3,0.08
-4.100000000000003,8.274874632427424e-113,3,0.08
-4.06666666666667,5.79492763782308e-111,3,0.08
-4.033333333333337,3.9164656928663665e-109,3,0.08
-4.0000000000000036,2.5544678809414197e-107,3,0.08
-3.9666666666666703,1.6079275598985215e-105,3,0.08
-3.933333333333337,9.767705001213821e-104,3,0.08
-3.900000000000004,5.726361112005219e-102,3,0.08
-3.8666666666666707,3.2398521874976197e-100,3,0.08
-3.8333333333333375,1.7690172427802613e-98,3,0.08
-3.8000000000000043,9.321793667991967e-97,3,0.08
-3.766666666666671,4.740537792757301e-95,3,0.08
-3.733333333333338,2.3265726405213903e-93,3,0.08
-3.7000000000000046,1.1019621485874864e-91,3,0.08
-3.6666666666666714,5.037070030446151e-90,3,0.08
-3.633333333333338,2.2220343098280164e-88,3,0.08
-3.600000000000005,9.459871034606744e-87,3,0.08
-3.5666666666666718,3.886705143330167e-85,3,0.08
-3.5333333333333385,1.5411331289716032e-83,3,0.08
-3.5000000000000053,5.89740802772144e-82,3,0.08
-3.466666666666672,2.17793519538571e-80,3,0.08
-3.433333333333339,7.762324693259912e-79,3,0.08
-3.4000000000000057,2.66994352312606e-77,3,0.08
-3.3666666666666725,8.862905738758998e-76,3,0.08
-3.3333333333333393,2.8393201611120493e-74,3,0.08
-3.300000000000006,8.778437189362013e-73,3,0.08
-3.266666666666673,2.6192991655603886e-71,3,0.08
-3.2333333333333396,7.54255611403261e-70,3,0.08
-3.2000000000000064,2.0961292857927212e-68,3,0.08
-3.166666666666673,5.621914213613248e-67,3,0.08
-3.13333333333334,1.4551829547665354e-65,3,0.08
-3.1000000000000068,3.635120964513654e-64,3,0.08
-3.0666666666666735,8.763724451421198e-63,3,0.08
-3.0333333333333403,2.0390500449309068e-61,3,0.08
-3.000000000000007,4.578647190025128e-60,3,0.08
-2.966666666666674,9.922416616253467e-59,3,0.08
-2.9333333333333407,2.0752462602689014e-57,3,0.08
-2.9000000000000075,4.188849087242311e-56,3,0.08
-2.8666666666666742,8.160067311509716e-55,3,0.08
-2.833333333333341,1.5341501203960886e-53,3,0.08
-2.800000000000008,2.7836734435756622e-52,3,0.08
-2.7666666666666746,4.874682490665248e-51,3,0.08
-2.7333333333333414,8.238599742713241e-50,3,0.08
-2.700000000000008,1.3438197000316799e-48,3,0.08
-2.666666666666675,2.115488878641244e-47,3,0.08
-2.6333333333333417,3.2141368549414823e-46,3,0.08
-2.6000000000000085,4.71306809187421e-45,3,0.08
-2.5666666666666753,6.670076048611704e-44,3,0.08
-2.533333333333342,9.110615368362476e-43,3,0.08
-2.500000000000009,1.2010380885348782e-41,3,0.08
-2.4666666666666757,1.5281304916307963e-40,3,0.08
-2.4333333333333425,1.8765551029169927e-39,3,0.08
-2.4000000000000092,2.2241405801398813e-38,3,0.08
-2.366666666666676,2.54428755230357e-37,3,0.08
-2.333333333333343,2.809159686593801e-36,3,0.08
-2.3000000000000096,2.9936180838653843e-35,3,0.08
-2.2666666666666764,3.079142537999745e-34,3,0.08
-2.233333333333343,3.056895474938528e-33,3,0.08
-2.20000000000001,2.9292269469453847e-32,3,0.08
-2.1666666666666767,2.709265866404284e-31,3,0.08
-2.1333333333333435,2.418695832946442e-30,3,0.08
-2.1000000000000103,2.0842370103366764e-29,3,0.08
-2.066666666666677,1.733623220120949e-28,3,0.08
-2.033333333333344,1.391906367669838e-27,3,0.08
-2.0000000000000107,1.0787463967895965e-26,3,0.08
-1.9666666666666774,8.07029650390292e-26,3,0.08
-1.9333333333333442,5.828108715583753e-25,3,0.08
-1.900000000000011,4.062950460798255e-24,3,0.08
-1.8666666666666778,2.7342571872170496e-23,3,0.08
-1.8333333333333446,1.7763556348112156e-22,3,0.08
-1.8000000000000114,1.1140958005351014e-21,3,0.08
-1.7666666666666782,6.745702309935822e-21,3,0.08
-1.733333333333345,3.943250934034041e-20,3,0.08
-1.7000000000000117,2.225438188466476e-19,3,0.08
-1.6666666666666785,1.2126138300651004e-18,3,0.08
-1.6333333333333453,6.379521219819009e-18,3,0.08
-1.600000000000012,3.240602457472095e-17,3,0.08
-1.5666666666666789,1.5894609530117434e-16,3,0.08
-1.5333333333333456,7.527930451247526e-16,3,0.08
-1.5000000000000124,3.4428575076908765e-15,3,0.08
-1.4666666666666792,1.5205378449861712e-14,3,0.08
-1.433333333333346,6.485271166389508e-14,3,0.08
-1.4000000000000128,2.6713497565256067e-13,3,0.08
-1.3666666666666796,1.062735272415716e-12,3,0.08
-1.3333333333333464,4.083497080425419e-12,3,0.08
-1.3000000000000131,1.515564387376962e-11,3,0.08
-1.26666666666668,5.433439212013776e-11,3,0.08
-1.2333333333333467,1.8817327255048144e-10,3,0.08
-1.2000000000000135,6.295777090101329e-10,3,0.08
-1.1666666666666803,2.0350531781577534e-09,3,0.08
-1.133333333333347,6.35572491114805e-09,3,0.08
-1.1000000000000139,1.9179901878785617e-08,3,0.08
-1.0666666666666806,5.593064324078444e-08,3,0.08
-1.0333333333333474,1.5761831075300174e-07,3,0.08
-1.0000000000000142,4.292884873450109e-07,3,0.08
-0.966666666666681,1.1300839515875987e-06,3,0.08
-0.9333333333333478,2.8755760295634067e-06,3,0.08
-0.9000000000000146,7.073357299044744e-06,3,0.08
-0.8666666666666814,1.6820777955967453e-05,3,0.08
-0.8333333333333481,3.867382343439101e-05,3,0.08
-0.8000000000000149,8.597348524967151e-05,3,0.08
-0.7666666666666817,0.00018480129932209059,3,0.08
-0.7333333333333485,0.000384096036655848,3,0.08
-0.7000000000000153,0.0007718735514027683,3,0.08
-0.6666666666666821,0.0014995690340485947,3,0.08
-0.6333333333333488,0.002815768305134495,3,0.08
-0.6000000000000156,0.005108320803286431,3,0.08
-0.5666666666666824,0.008949386539210003,3,0.08
-0.5333333333333492,0.015131415447723612,3,0.08
-0.500000000000016,0.024675228643271787,3,0.08
-0.4666666666666828,0.0387887772372205,3,0.08
-0.43333333333334956,0.058762942767127346,3,0.08
-0.40000000000001634,0.08581193358592869,3,0.08
-0.3666666666666831,0.12089350588749766,3,0.08
-0.3333333333333499,0.16456073632229118,3,0.08
-0.3000000000000167,0.21688682955032773,3,0.08
-0.2666666666666835,0.2774717264015722,3,0.08
-0.23333333333335027,0.3455069567475355,3,0.08
-0.20000000000001705,0.4198603896521531,3,0.08
-0.16666666666668384,0.4991420583806773,3,0.08
-0.13333333333335062,0.5817174982611675,3,0.08
-0.10000000000001741,0.6656434469241804,3,0.08
-0.0666666666666842,0.7484951768929577,3,0.08
-0.03333333333335098,0.8270014013380601,3,0.08
-1.7763568394002505e-14,0.8963575554766241,3,0.08
0.03333333333331545,0.9493354810718979,3,0.08
0.06666666666664867,0.9760832735233483,3,0.08
0.09999999999998188,0.9661283444755866,3,0.08
0.1333333333333151,0.9129791177304519,3,0.08
0.1666666666666483,0.8188546989602666,3,0.08
0.19999999999998153,0.6956454574673115,3,0.08
0.23333333333331474,0.5608058358693286,3,0.08
0.26666666666664796,0.43102526487235365,3,0.08
0.29999999999998117,0.31768840476177557,3,0.08
0.3333333333333144,0.22580965565564434,3,0.08
0.3666666666666476,0.15547095583047024,3,0.08
0.3999999999999808,0.10398861076062078,3,0.08
0.43333333333331403,0.06767023282135108,3,0.08
0.46666666666664725,0.04285964242494176,3,0.08
0.49999999999998046,0.02641065301361814,3,0.08
0.5333333333333137,0.015821534374381132,3,0.08
0.5666666666666469,0.009205394302302989,3,0.08
0.5999999999999801,0.005196914721138037,3,0.08
0.6333333333333133,0.002844369475277302,3,0.08
0.6666666666666465,0.0015081828149181855,3,0.08
0.6999999999999797,0.0007742936148117389,3,0.08
0.733333333333313,0.0003847302967324469,3,0.08
0.7666666666666462,0.00018495635720468332,3,0.08
0.7999999999999794,8.600884256895164e-05,3,0.08
0.8333333333333126,3.8681343014970815e-05,3,0.08
0.8666666666666458,1.682226939155215e-05,3,0.08
0.899999999999979,7.073633152758892e-06,3,0.08
0.9333333333333123,2.8756236050636507e-06,3,0.08
0.9666666666666455,1.1300916020083609e-06,3,0.08
0.9999999999999787,4.292896343172191e-07,3,0.08
1.033333333333312,1.5761847106113994e-07,3,0.08
1.0666666666666451,5.593066412722787e-08,3,0.08
1.0999999999999783,1.91799044153921e-08,3,0.08
1.1333333333333115,6.355725198291437e-09,3,0.08
1.1666666666666448,2.0350532084539973e-09,3,0.08
1.199999999999978,6.295777119896056e-10,3,0.08
1.2333333333333112,1.8817327282367304e-10,3,0.08
1.2666666666666444,5.433439214351801e-11,3,0.08
1.2999999999999776,1.515564387564515e-11,3,0.08
1.3333333333333108,4.08349708056872e-12,3,0.08
1.366666666666644,1.0627352724267636e-12,3,0.08
1.3999999999999773,2.671349756535703e-13,3,0.08
1.4333333333333105,6.485271166403087e-14,3,0.08
1.4666666666666437,1.5205378449887543e-14,3,0.08
1.499999999999977,3.442857507696499e-15,3,0.08
1.5333333333333101,7.527930451259946e-16,3,0.08
1.5666666666666433,1.5894609530144132e-16,3,0.08
1.5999999999999766,3.240602457477648e-17,3,0.08
1.6333333333333098,6.379521219830165e-18,3,0.08
1.666666666666643,1.212613830067271e-18,3,0.08
1.6999999999999762,2.225438188470539e-19,3,0.08
1.7333333333333094,3.9432509340413786e-20,3,0.08
1.7666666666666426,6.745702309948657e-21,3,0.08
1.7999999999999758,1.114095800537261e-21,3,0.08
1.833333333333309,1.7763556348147212e-22,3,0.08
1.8666666666666423,2.7342571872225615e-23,3,0.08
1.8999999999999755,4.0629504608065876e-24,3,0.08
1.9333333333333087,5.8281087155959505e-25,3,0.08
1.966666666666642,8.070296503920095e-26,3,0.08
1.9999999999999751,1.0787463967919304e-26,3,0.08
2.0333333333333083,1.3919063676728989e-27,3,0.08
2.0666666666666416,1.7336232201248347e-28,3,0.08
2.0999999999999748,2.0842370103414223e-29,3,0.08
2.133333333333308,2.4186958329520503e-30,3,0.08
2.166666666666641,2.7092658664106817e-31,3,0.08
2.1999999999999744,2.9292269469523846e-32,3,0.08
2.2333333333333076,3.056895474945963e-33,3,0.08
2.266666666666641,3.0791425380073216e-34,3,0.08
2.299999999999974,2.993618083872876e-35,3,0.08
2.3333333333333073,2.809159686600951e-36,3,0.08
2.3666666666666405,2.544287552310119e-37,3,0.08
2.3999999999999737,2.2241405801457e-38,3,0.08
2.433333333333307,1.8765551029219823e-39,3,0.08
2.46666666666664,1.528130491634903e-40,3,0.08
2.4999999999999734,1.2010380885381566e-41,3,0.08
2.5333333333333066,9.110615368387731e-43,3,0.08
2.56666666666664,6.670076048630384e-44,3,0.08
2.599999999999973,4.7130680918876106e-45,3,0.08
2.633333333333306,3.214136854950712e-46,3,0.08
2.6666666666666394,2.1154888786474386e-47,3,0.08
2.6999999999999726,1.343819700035653e-48,3,0.08
2.733333333333306,8.238599742737835e-50,3,0.08
2.766666666666639,4.874682490680007e-51,3,0.08
2.7999999999999723,2.7836734435842083e-52,3,0.08
2.8333333333333055,1.534150120400864e-53,3,0.08
2.8666666666666387,8.160067311535349e-55,3,0.08
2.899999999999972,4.188849087255647e-56,3,0.08
2.933333333333305,2.0752462602755675e-57,3,0.08
2.9666666666666384,9.92241661628562e-59,3,0.08
2.9999999999999716,4.578647190040226e-60,3,0.08
3.033333333333305,2.0390500449376883e-61,3,0.08
3.066666666666638,8.763724451450841e-63,3,0.08
3.0999999999999712,3.6351209645260527e-64,3,0.08
3.1333333333333044,1.4551829547715402e-65,3,0.08
3.1666666666666377,5.621914213632903e-67,3,0.08
3.199999999999971,2.0961292858001094e-68,3,0.08
3.233333333333304,7.542556114059409e-70,3,0.08
3.2666666666666373,2.619299165569844e-71,3,0.08
3.2999999999999705,8.778437189393952e-73,3,0.08
3.3333333333333037,2.839320161122461e-74,3,0.08
3.366666666666637,8.862905738791998e-76,3,0.08
3.39999999999997,2.6699435231360773e-77,3,0.08
3.4333333333333034,7.762324693289256e-79,3,0.08
3.4666666666666366,2.177935195394067e-80,3,0.08
3.49999999999997,5.897408027744237e-82,3,0.08
3.533333333333303,1.5411331289776043e-83,3,0.08
3.5666666666666362,3.886705143345522e-85,3,0.08
3.5999999999999694,9.459871034644388e-87,3,0.08
3.6333333333333027,2.2220343098369214e-88,3,0.08
3.666666666666636,5.037070030466623e-90,3,0.08
3.699999999999969,1.1019621485919966e-91,3,0.08
3.7333333333333023,2.3265726405309796e-93,3,0.08
3.7666666666666355,4.740537792776973e-95,3,0.08
3.7999999999999687,9.321793668031181e-97,3,0.08
3.833333333333302,1.7690172427877534e-98,3,0.08
3.866666666666635,3.239852187511524e-100,3,0.08
3.8999999999999684,5.726361112029959e-102,3,0.08
3.9333333333333016,9.767705001256574e-104,3,0.08
3.966666666666635,1.607927559905605e-105,3,0.08
3.999999999999968,2.5544678809527458e-107,3,0.08
4.033333333333301,3.916465692883843e-109,3,0.08
4.0666666666666345,5.7949276378492676e-111,3,0.08
4.099999999999968,8.274874632465054e-113,3,0.08
4.133333333333301,1.1403402515755937e-114,3,0.08
4.166666666666634,1.516585952063345e-116,3,0.08
4.199999999999967,1.9465208921176887e-118,3,0.08
4.2333333333333005,2.4110738009672242e-120,3,0.08
4.266666666666634,2.8821810981734234e-122,3,0.08
4.299999999999967,3.3249972629137954e-124,3,0.08
4.3333333333333,3.701864560746488e-126,3,0.08
4.366666666666633,3.977488301736609e-128,3,0.08
4.399999999999967,4.124358411573578e-130,3,0.08
4.4333333333333,4.127270584035499e-132,3,0.08
4.466666666666633,3.985919257503409e-134,3,0.08
4.499999999999966,3.714950425530841e-136,3,0.08
4.5333333333332995,3.341461651584982e-138,3,0.08
4.566666666666633,2.900539856898446e-140,3,0.08
4.599999999999966,2.429853324183125e-142,3,0.08
4.633333333333299,1.9644460843052104e-144,3,0.08
4.666666666666632,1.5327064129780988e-146,3,0.08
4.6999999999999655,1.1540818587398499e-148,3,0.08
4.733333333333299,8.386350480109292e-151,3,0.08
4.766666666666632,5.88122959035694e-153,3,0.08
4.799999999999965,3.980356475602291e-155,3,0.08
4.833333333333298,2.5997673992665163e-157,3,0.08
4.866666666666632,1.6387235288849862e-159,3,0.08
4.899999999999965,9.968631429044298e-162,3,0.08
4.933333333333298,5.852265579291508e-164,3,0.08
4.966666666666631,3.3156687544940075e-166,3,0.08
4.9999999999999645,1.8129135020115707e-168,3,0.08
-5.0,9.112645848262915e-169,4,0.10666666666666667
-4.966666666666667,2.9261332679893844e-164,4,0.10666666666666667
-4.933333333333334,4.98448149317427e-162,4,0.10666666666666667
-4.9,8.193910257659404e-160,4,0.10666666666666667
-4.866666666666667,1.2999335427833834e-157,4,0.10666666666666667
-4.833333333333334,1.9902601739669557e-155,4,0.10666666666666667
-4.800000000000001,2.9407447835328873e-153,4,0.10666666666666667
-4.7666666666666675,4.193374257856259e-151,4,0.10666666666666667
-4.733333333333334,5.7707033551485895e-149,4,0.10666666666666667
-4.700000000000001,7.663951382374855e-147,4,0.10666666666666667
-4.666666666666668,9.82280746240461e-145,4,0.10666666666666667
-4.633333333333335,1.2150032974059952e-142,4,0.10666666666666667
-4.600000000000001,1.4503681507461008e-140,4,0.10666666666666667
-4.566666666666668,1.670852318450342e-138,4,0.10666666666666667
-4.533333333333335,1.857620239748973e-136,4,0.10666666666666667
-4.500000000000002,1.993126701824314e-134,4,0.10666666666666667
-4.466666666666669,2.0638210395288195e-132,4,0.10666666666666667
-4.433333333333335,2.0623785017395818e-130,4,0.10666666666666667
-4.400000000000002,1.9889505143878963e-128,4,0.10666666666666667
-4.366666666666669,1.8511384982848785e-126,4,0.10666666666666667
-4.333333333333336,1.662697505864045e-124,4,0.10666666666666667
-4.3000000000000025,1.4412756423079492e-122,4,0.10666666666666667
-4.266666666666669,1.2057031503411379e-120,4,0.10666666666666667
-4.233333333333336,9.734045551092158e-119,4,0.10666666666666667
-4.200000000000003,7.584135297182289e-117,4,0.10666666666666667
-4.16666666666667,5.702674518297771e-115,4,0.10666666666666667
-4.133333333333336,4.13819560918974e-113,4,0.10666666666666667
-4.100000000000003,2.8980339890373252e-111,4,0.10666666666666667
-4.06666666666667,1.9586465901648045e-109,4,0.10666666666666667
-4.033333333333337,1.277523686852601e-107,4,0.10666666666666667
-4.0000000000000036,8.04159603233904e-106,4,0.10666666666666667
-3.9666666666666703,4.885129734547381e-104,4,0.10666666666666667
-3.933333333333337,2.863984519782559e-102,4,0.10666666666666667
-3.900000000000004,1.6204144789988706e-100,4,0.10666666666666667
-3.8666666666666707,8.84794939445731e-99,4,0.10666666666666667
-3.8333333333333375,4.662516760089732e-97,4,0.10666666666666667
-3.8000000000000043,2.3711534050000408e-95,4,0.10666666666666667
-3.766666666666671,1.1637524099440947e-93,4,0.10666666666666667
-3.733333333333338,5.512181011833811e-92,4,0.10666666666666667
-3.7000000000000046,2.519698301543336e-90,4,0.10666666666666667
-3.6666666666666714,1.1115681359883019e-88,4,0.10666666666666667
-3.633333333333338,4.732454052318595e-87,4,0.10666666666666667
-3.600000000000005,1.9444635888199973e-85,4,0.10666666666666667
-3.5666666666666718,7.710395580375319e-84,4,0.10666666666666667
-3.5333333333333385,2.950647366432385e-82,4,0.10666666666666667
-3.5000000000000053,1.0897381642573408e-80,4,0.10666666666666667
-3.466666666666672,3.884111050643817e-79,4,0.10666666666666667
-3.433333333333339,1.3360607291607229e-77,4,0.10666666666666667
-3.4000000000000057,4.435334031726129e-76,4,0.10666666666666667
-3.3666666666666725,1.4209950523175876e-74,4,0.10666666666666667
-3.3333333333333393,4.393650047550386e-73,4,0.10666666666666667
-3.300000000000006,1.3110692428607503e-71,4,0.10666666666666667
-3.266666666666673,3.7756672756109857e-70,4,0.10666666666666667
-3.2333333333333396,1.0493742924791409e-68,4,0.10666666666666667
-3.2000000000000064,2.8147283848636404e-67,4,0.10666666666666667
-3.166666666666673,7.28639542026164e-66,4,0.10666666666666667
-3.13333333333334,1.8203714393636336e-64,4,0.10666666666666667
-3.1000000000000068,4.3891381404844316e-63,4,0.10666666666666667
-3.0666666666666735,1.0213425829477102e-61,4,0.10666666666666667
-3.0333333333333403,2.2937054572382746e-60,4,0.10666666666666667
-3.000000000000007,4.971403558351388e-59,4,0.10666666666666667
-2.966666666666674,1.0399124537294632e-57,4,0.10666666666666667
-2.9333333333333407,2.099385751929282e-56,4,0.10666666666666667
-2.9000000000000075,4.090409887056203e-55,4,0.10666666666666667
-2.8666666666666742,7.691694847416654e-54,4,0.10666666666666667
-2.833333333333341,1.395916755443586e-52,4,0.10666666666666667
-2.800000000000008,2.4450119959346044e-51,4,0.10666666666666667
-2.7666666666666746,4.133218238574499e-50,4,0.10666666666666667
-2.7333333333333414,6.743471912611725e-49,4,0.10666666666666667
-2.700000000000008,1.0618637391919786e-47,4,0.10666666666666667
-2.666666666666675,1.6137875259708996e-46,4,0.10666666666666667
-2.6333333333333417,2.3671114903303112e-45,4,0.10666666666666667
-2.6000000000000085,3.3511087085805597e-44,4,0.10666666666666667
-2.5666666666666753,4.578873024640609e-43,4,0.10666666666666667
-2.533333333333342,6.03854082291745e-42,4,0.10666666666666667
-2.500000000000009,7.686205534995793e-41,4,0.10666666666666667
-2.4666666666666757,9.442827419011708e-40,4,0.10666666666666667
-2.4333333333333425,1.1197109425280946e-38,4,0.10666666666666667
-2.4000000000000092,1.28152655166637e-37,4,0.10666666666666667
-2.366666666666676,1.4157005461976e-36,4,0.10666666666666667
-2.333333333333343,1.5095304796942099e-35,4,0.10666666666666667
-2.3000000000000096,1.5536170674328416e-34,4,0.10666666666666667
-2.2666666666666764,1.543415827888591e-33,4,0.10666666666666667
-2.233333333333343,1.480009186162691e-32,4,0.10666666666666667
-2.20000000000001,1.3699174105768346e-31,4,0.10666666666666667
-2.1666666666666767,1.2239940512079478e-30,4,0.10666666666666667
-2.1333333333333435,1.0556648345003596e-29,4,0.10666666666666667
-2.1000000000000103,8.789050892252067e-29,4,0.10666666666666667
-2.066666666666677,7.063743688866024e-28,4,0.10666666666666667
-2.033333333333344,5.48041314495403e-27,4,0.10666666666666667
-2.0000000000000107,4.104743570334952e-26,4,0.10666666666666667
-1.9666666666666774,2.967991677631356e-25,4,0.10666666666666667
-1.9333333333333442,2.071826712918642e-24,4,0.10666666666666667
-1.900000000000011,1.3962691371864437e-23,4,0.10666666666666667
-1.8666666666666778,9.08492569709599e-23,4,0.10666666666666667
-1.8333333333333446,5.70719186203636e-22,4,0.10666666666666667
-1.8000000000000114,3.461668936708472e-21,4,0.10666666666666667
-1.7666666666666782,2.0273302570437755e-20,4,0.10666666666666667
-1.733333333333345,1.146447605782917e-19,4,0.10666666666666667
-1.7000000000000117,6.260231697027204e-19,4,0.10666666666666667
-1.6666666666666785,3.3010325193328283e-18,4,0.10666666666666667
-1.6333333333333453,1.6809319202393026e-17,4,0.10666666666666667
-1.600000000000012,8.266280826049667e-17,4,0.10666666666666667
-1.5666666666666789,3.925995348497367e-16,4,0.10666666666666667
-1.5333333333333456,1.800901801496023e-15,4,0.10666666666666667
-1.5000000000000124,7.979085747493186e-15,4,0.10666666666666667
-1.4666666666666792,3.414778458579214e-14,4,0.10666666666666667
-1.433333333333346,1.4117017705119695e-13,4,0.10666666666666667
-1.4000000000000128,5.637939920395805e-13,4,0.10666666666666667
-1.3666666666666796,2.175316028035669e-12,4,0.10666666666666667
-1.3333333333333464,8.109189573046955e-12,4,0.10666666666666667
-1.3000000000000131,2.920894459969448e-11,4,0.10666666666666667
-1.26666666666668,1.0166445820508964e-10,4,0.10666666666666667
-1.2333333333333467,3.419560504864521e-10,4,0.10666666666666667
-1.2000000000000135,1.111613224532911e-09,4,0.10666666666666667
-1.1666666666666803,3.4926513020793173e-09,4,0.10666666666666667
-1.133333333333347,1.0607477455726245e-08,4,0.10666666666666667
-1.1000000000000139,3.1143183458397924e-08,4,0.10666666666666667
-1.0666666666666806,8.839910142076103e-08,4,0.10666666666666667
-1.0333333333333474,2.4260952906082397e-07,4,0.10666666666666667
-1.0000000000000142,6.438508807210591e-07,4,0.10666666666666667
-0.966666666666681,1.6524306415244296e-06,4,0.10666666666666667
-0.9333333333333478,4.101710874257422e-06,4,0.10666666666666667
-0.9000000000000146,9.84812205883872e-06,4,0.10666666666666667
-0.8666666666666814,2.2873301240270768e-05,4,0.10666666666666667
-0.8333333333333481,5.13957099025005e-05,4,0.10666666666666667
-0.8000000000000149,0.00011173103020711837,4,0.10666666666666667
-0.7666666666666817,0.000235006733287718,4,0.10666666666666667
-0.7333333333333485,0.0004782250979106047,4,0.10666666666666667
-0.7000000000000153,0.0009414122998477208,4,0.10666666666666667
-0.6666666666666821,0.0017923543757948628,4,0.10666666666666667
-0.6333333333333488,0.0032991756718392306,4,0.10666666666666667
-0.6000000000000156,0.005868144828516251,4,0.10666666666666667
-0.5666666666666824,0.010079295167100558,4,0.10666666666666667
-0.5333333333333492,0.016706552513406987,4,0.10666666666666667
-0.500000000000016,0.026704974441250633,4,0.10666666666666667
-0.4666666666666828,0.04115024239838858,4,0.10666666666666667
-0.43333333333334956,0.06112853167033517,4,0.10666666666666667
-0.40000000000001634,0.08759579306268894,4,0.10666666666666667
-0.3666666666666831,0.12124302535547418,4,0.10666666666666667
-0.3333333333333499,0.1624052363055882,4,0.10666666666666667
-0.3000000000000167,0.21103416675926484,4,0.10666666666666667
-0.2666666666666835,0.2667298610832215,4,0.10666666666666667
-0.23333333333335027,0.3288076204575449,4,0.10666666666666667
-0.20000000000001705,0.3963709601073952,4,0.10666666666666667
-0.16666666666668384,0.4683664437597856,4,0.10666666666666667
-0.13333333333335062,0.5436050718547079,4,0.10666666666666667
-0.10000000000001741,0.6207363811673049,4,0.10666666666666667
-0.0666666666666842,0.698152400254718,4,0.10666666666666667
-0.03333333333335098,0.7737839986991891,4,0.10666666666666667
-1.7763568394002505e-14,0.8447071336435997,4,0.10666666666666667
0.03333333333331545,0.9063640765815809,4,0.10666666666666667
0.06666666666664867,0.9512986882983171,4,0.10666666666666667
0.09999999999998188,0.9683727331149364,4,0.10666666666666667
0.1333333333333151,0.9450677137158924,4,0.10666666666666667
0.1666666666666483,0.8742339409822756,4,0.10666666666666667
0.19999999999998153,0.7610342339076401,4,0.10666666666666667
0.23333333333331474,0.6229633258771571,4,0.10666666666666667
0.26666666666664796,0.48196257292055505,4,0.10666666666666667
0.29999999999998117,0.35537601593819135,4,0.10666666666666667
0.3333333333333144,0.25193062117877124,4,0.10666666666666667
0.3666666666666476,0.17293440709201194,4,0.10666666666666667
0.3999999999999808,0.11548898586525949,4,0.10666666666666667
0.43333333333331403,0.07521946303660729,4,0.10666666666666667
0.46666666666664725,0.047816790480982634,4,0.10666666666666667
0.49999999999998046,0.029657913999428274,4,0.10666666666666667
0.5333333333333137,0.017930580319629536,4,0.10666666666666667
0.5666666666666469,0.010553887153227774,4,0.10666666666666667
0.5999999999999801,0.006040211658099942,4,0.10666666666666667
0.6333333333333133,0.0033574954294712245,4,0.10666666666666667
0.6666666666666465,0.0018108297264665108,4,0.10666666666666667
0.6999999999999797,0.0009468818754257142,4,0.10666666666666667
0.733333333333313,0.0004797380503577846,4,0.10666666666666667
0.7666666666666462,0.00023539769362674402,4,0.10666666666666667
0.7999999999999794,0.00011182539263138167,4,0.10666666666666667
0.8333333333333126,5.141697888670241e-05,4,0.10666666666666667
0.8666666666666458,2.2877777325867144e-05,4,0.10666666666666667
0.899999999999979,9.849001442215173e-06,4,0.10666666666666667
0.9333333333333123,4.101872129219416e-06,4,0.10666666666666667
0.9666666666666455,1.6524582366747405e-06,4,0.10666666666666667
0.9999999999999787,6.438552869874397e-07,4,0.10666666666666667
1.033333333333312,2.4261018545449364e-07,4,0.10666666666666667
1.0666666666666451,8.839919263340875e-08,4,0.10666666666666667
1.0999999999999783,3.114319528032844e-08,4,0.10666666666666667
1.1333333333333115,1.0607478884668506e-08,4,0.10666666666666667
1.1666666666666448,3.4926514631402963e-09,4,0.10666666666666667
1.199999999999978,1.1116132414600416e-09,4,0.10666666666666667
1.2333333333333112,3.4195605214524495e-10,4,0.10666666666666667
1.2666666666666444,1.0166445835669499e-10,4,0.10666666666666667
1.2999999999999776,2.920894461263048e-11,4,0.10666666666666667
1.3333333333333108,8.10918957408167e-12,4,0.10666666666666667
1.366666666666644,2.175316028114466e-12,4,0.10666666666666667
1.3999999999999773,5.637939920456223e-13,4,0.10666666666666667
1.4333333333333105,1.4117017705174317e-13,4,0.10666666666666667
1.4666666666666437,3.414778458586452e-14,4,0.10666666666666667
1.499999999999977,7.979085747506815e-15,4,0.10666666666666667
1.5333333333333101,1.8009018014989724e-15,4,0.10666666666666667
1.5666666666666433,3.925995348503856e-16,4,0.10666666666666667
1.5999999999999766,8.266280826063574e-17,4,0.10666666666666667
1.6333333333333098,1.6809319202421875e-17,4,0.10666666666666667
1.666666666666643,3.301032519338609e-18,4,0.10666666666666667
1.6999999999999762,6.260231697038425e-19,4,0.10666666666666667
1.7333333333333094,1.1464476057850128e-19,4,0.10666666666666667
1.7666666666666426,2.0273302570475524e-20,4,0.10666666666666667
1.7999999999999758,3.4616689367150645e-21,4,0.10666666666666667
1.833333333333309,5.707191862047433e-22,4,0.10666666666666667
1.8666666666666423,9.084925697113935e-23,4,0.10666666666666667
1.8999999999999755,1.3962691371892605e-23,4,0.10666666666666667
1.9333333333333087,2.0718267129228942e-24,4,0.10666666666666667
1.966666666666642,2.9679916776375716e-25,4,0.10666666666666667
1.9999999999999751,4.104743570343692e-26,4,0.10666666666666667
2.0333333333333083,5.480413144965894e-27,4,0.10666666666666667
2.0666666666666416,7.063743688881565e-28,4,0.10666666666666667
2.0999999999999748,8.789050892271776e-29,4,0.10666666666666667
2.133333333333308,1.0556648345027645e-29,4,0.10666666666666667
2.166666666666641,1.223994051210787e-30,4,0.10666666666666667
2.1999999999999744,1.3699174105800707e-31,4,0.10666666666666667
2.2333333333333076,1.480009186166229e-32,4,0.10666666666666667
2.266666666666641,1.543415827892346e-33,4,0.10666666666666667
2.299999999999974,1.5536170674366655e-34,4,0.10666666666666667
2.3333333333333073,1.5095304796979886e-35,4,0.10666666666666667
2.3666666666666405,1.415700546201204e-36,4,0.10666666666666667
2.3999999999999737,1.2815265516696695e-37,4,0.10666666666666667
2.433333333333307,1.1197109425310245e-38,4,0.10666666666666667
2.46666666666664,9.442827419036819e-40,4,0.10666666666666667
2.4999999999999734,7.686205535016453e-41,4,0.10666666666666667
2.5333333333333066,6.038540822933935e-42,4,0.10666666666666667
2.56666666666664,4.578873024653303e-43,4,0.10666666666666667
2.599999999999973,3.3511087085899455e-44,4,0.10666666666666667
2.633333333333306,2.3671114903370426e-45,4,0.10666666666666667
2.6666666666666394,1.6137875259755342e-46,4,0.10666666666666667
2.6999999999999726,1.0618637391950882e-47,4,0.10666666666666667
2.733333333333306,6.7434719126316645e-49,4,0.10666666666666667
2.766666666666639,4.1332182385868388e-50,4,0.10666666666666667
2.7999999999999723,2.4450119959420077e-51,4,0.10666666666666667
2.8333333333333055,1.3959167554478718e-52,4,0.10666666666666667
2.8666666666666387,7.691694847440598e-54,4,0.10666666666666667
2.899999999999972,4.0904098870690524e-55,4,0.10666666666666667
2.933333333333305,2.099385751935966e-56,4,0.10666666666666667
2.9666666666666384,1.0399124537328039e-57,4,0.10666666666666667
2.9999999999999716,4.971403558367498e-59,4,0.10666666666666667
3.033333333333305,2.2937054572458382e-60,4,0.10666666666666667
3.066666666666638,1.0213425829511072e-61,4,0.10666666666666667
3.0999999999999712,4.3891381404992783e-63,4,0.10666666666666667
3.1333333333333044,1.820371439369843e-64,4,0.10666666666666667
3.1666666666666377,7.286395420286701e-66,4,0.10666666666666667
3.199999999999971,2.8147283848734812e-67,4,0.10666666666666667
3.233333333333304,1.0493742924828397e-68,4,0.10666666666666667
3.2666666666666373,3.7756672756244015e-70,4,0.10666666666666667
3.2999999999999705,1.3110692428654832e-71,4,0.10666666666666667
3.3333333333333037,4.3936500475663716e-73,4,0.10666666666666667
3.366666666666637,1.4209950523227985e-74,4,0.10666666666666667
3.39999999999997,4.435334031742644e-76,4,0.10666666666666667
3.4333333333333034,1.3360607291657357e-77,4,0.10666666666666667
3.4666666666666366,3.8841110506585e-79,4,0.10666666666666667
3.49999999999997,1.0897381642615223e-80,4,0.10666666666666667
3.533333333333303,2.950647366443791e-82,4,0.10666666666666667
3.5666666666666362,7.710395580405344e-84,4,0.10666666666666667
3.5999999999999694,1.9444635888276796e-85,4,0.10666666666666667
3.6333333333333027,4.732454052337427e-87,4,0.10666666666666667
3.666666666666636,1.1115681359927567e-88,4,0.10666666666666667
3.699999999999969,2.519698301553577e-90,4,0.10666666666666667
3.7333333333333023,5.512181011856371e-92,4,0.10666666666666667
3.7666666666666355,1.1637524099488913e-93,4,0.10666666666666667
3.7999999999999687,2.3711534050098804e-95,4,0.10666666666666667
3.833333333333302,4.662516760109346e-97,4,0.10666666666666667
3.866666666666635,8.847949394494781e-99,4,0.10666666666666667
3.8999999999999684,1.6204144790058248e-100,4,0.10666666666666667
3.9333333333333016,2.863984519794932e-102,4,0.10666666666666667
3.966666666666635,4.8851297345687635e-104,4,0.10666666666666667
3.999999999999968,8.041596032374467e-106,4,0.10666666666666667
4.033333333333301,1.2775236868582654e-107,4,0.10666666666666667
4.0666666666666345,1.9586465901735446e-109,4,0.10666666666666667
4.099999999999968,2.8980339890504216e-111,4,0.10666666666666667
4.133333333333301,4.138195609208559e-113,4,0.10666666666666667
4.166666666666634,5.702674518324028e-115,4,0.10666666666666667
4.199999999999967,7.584135297217209e-117,4,0.10666666666666667
4.2333333333333005,9.734045551137531e-119,4,0.10666666666666667
4.266666666666634,1.2057031503467578e-120,4,0.10666666666666667
4.299999999999967,1.441275642314749e-122,4,0.10666666666666667
4.3333333333333,1.6626975058719846e-124,4,0.10666666666666667
4.366666666666633,1.8511384982938226e-126,4,0.10666666666666667
4.399999999999967,1.9889505143975063e-128,4,0.10666666666666667
4.4333333333333,2.0623785017496643e-130,4,0.10666666666666667
4.466666666666633,2.063821039539026e-132,4,0.10666666666666667
4.499999999999966,1.9931267018342838e-134,4,0.10666666666666667
4.5333333333332995,1.8576202397582653e-136,4,0.10666666666666667
4.566666666666633,1.6708523184587e-138,4,0.10666666666666667
4.599999999999966,1.4503681507534381e-140,4,0.10666666666666667
4.633333333333299,1.2150032974122113e-142,4,0.10666666666666667
4.666666666666632,9.822807462455422e-145,4,0.10666666666666667
4.6999999999999655,7.663951382414499e-147,4,0.10666666666666667
4.733333333333299,5.770703355178768e-149,4,0.10666666666666667
4.766666666666632,4.193374257878426e-151,4,0.10666666666666667
4.799999999999965,2.9407447835484333e-153,4,0.10666666666666667
4.833333333333298,1.99026017397759e-155,4,0.10666666666666667
4.866666666666632,1.2999335427904033e-157,4,0.10666666666666667
4.899999999999965,8.193910257703896e-160,4,0.10666666666666667
4.933333333333298,4.984481497959874e-162,4,0.10666666666666667
4.966666666666631,2.9262234353208544e-164,4,0.10666666666666667
4.9999999999999645,1.6578824555852087e-166,4,0.10666666666666667
-5.0,8.334975507167359e-167,5,0.13333333333333333
-4.966666666666667,2.4922412022194273e-162,5,0.13333333333333333
-4.933333333333334,4.097101435493101e-160,5,0.13333333333333333
-4.9,6.499916937991576e-158,5,0.13333333333333333
-4.866666666666667,9.951710565347663e-156,5,0.13333333333333333
-4.833333333333334,1.4704373884435827e-153,5,0.13333333333333333
-4.800000000000001,2.0967866419368277e-151,5,0.13333333333333333
-4.7666666666666675,2.885498714813471e-149,5,0.13333333333333333
-4.733333333333334,3.8321853599003204e-147,5,0.13333333333333333
-4.700000000000001,4.911692266370063e-145,5,0.13333333333333333
-4.666666666666668,6.075399684599095e-143,5,0.13333333333333333
-4.633333333333335,7.252331894103624e-141,5,0.13333333333333333
-4.600000000000001,8.354869093900413e-139,5,0.13333333333333333
-4.566666666666668,9.288826382820239e-137,5,0.13333333333333333
-4.533333333333335,9.966468935280795e-135,5,0.13333333333333333
-4.500000000000002,1.0320034007763973e-132,5,0.13333333333333333
-4.466666666666669,1.031288907204882e-130,5,0.13333333333333333
-4.433333333333335,9.945784482459247e-129,5,0.13333333333333333
-4.400000000000002,9.256723680675262e-127,5,0.13333333333333333
-4.366666666666669,8.31448200457742e-125,5,0.13333333333333333
-4.333333333333336,7.207303780788888e-123,5,0.13333333333333333
-4.3000000000000025,6.029347100458621e-121,5,0.13333333333333333
-4.266666666666669,4.867743413367233e-119,5,0.13333333333333333
-4.233333333333336,3.7926705001663155e-117,5,0.13333333333333333
-4.200000000000003,2.85182396142644e-115,5,0.13333333333333333
-4.16666666666667,2.0694770113597292e-113,5,0.13333333333333333
-4.133333333333336,1.4493021282445775e-111,5,0.13333333333333333
-4.100000000000003,9.795302048628618e-110,5,0.13333333333333333
-4.06666666666667,6.389067451257523e-108,5,0.13333333333333333
-4.033333333333337,4.0217773394646024e-106,5,0.13333333333333333
-4.0000000000000036,2.443203629117117e-104,5,0.13333333333333333
-3.9666666666666703,1.4323943396928964e-102,5,0.13333333333333333
-3.933333333333337,8.104514959861626e-101,5,0.13333333333333333
-3.900000000000004,4.425406689488546e-99,5,0.13333333333333333
-3.8666666666666707,2.3320685872843656e-97,5,0.13333333333333333
-3.8333333333333375,1.1860190999697432e-95,5,0.13333333333333333
-3.8000000000000043,5.821093308100518e-94,5,0.13333333333333333
-3.766666666666671,2.7572760826194053e-92,5,0.13333333333333333
-3.733333333333338,1.26043102697664e-90,5,0.13333333333333333
-3.7000000000000046,5.560596770447426e-89,5,0.13333333333333333
-3.6666666666666714,2.367486875310069e-87,5,0.13333333333333333
-3.633333333333338,9.727875784779928e-86,5,0.13333333333333333
-3.600000000000005,3.8575640172138187e-84,5,0.13333333333333333
-3.5666666666666718,1.4762959150106027e-82,5,0.13333333333333333
-3.5333333333333385,5.452546019076892e-81,5,0.13333333333333333
-3.5000000000000053,1.9435308490051244e-79,5,0.13333333333333333
-3.466666666666672,6.685752336624901e-78,5,0.13333333333333333
-3.433333333333339,2.2196090713883864e-76,5,0.13333333333333333
-3.4000000000000057,7.111655565233741e-75,5,0.13333333333333333
-3.3666666666666725,2.199042690791056e-73,5,0.13333333333333333
-3.3333333333333393,6.56245118956534e-72,5,0.13333333333333333
-3.300000000000006,1.890030462829268e-70,5,0.13333333333333333
-3.266666666666673,5.253426808610008e-69,5,0.13333333333333333
-3.2333333333333396,1.4092520260696257e-67,5,0.13333333333333333
-3.2000000000000064,3.6484445815932157e-66,5,0.13333333333333333
-3.166666666666673,9.115930838742486e-65,5,0.13333333333333333
-3.13333333333334,2.1982122679523467e-63,5,0.13333333333333333
-3.1000000000000068,5.1158147719353695e-62,5,0.13333333333333333
-3.0666666666666735,1.1490472976893795e-60,5,0.13333333333333333
-3.0333333333333403,2.490808492090433e-59,5,0.13333333333333333
-3.000000000000007,5.211030795933507e-58,5,0.13333333333333333
-2.966666666666674,1.0521785777438167e-56,5,0.13333333333333333
-2.9333333333333407,2.0504045057967488e-55,5,0.13333333333333333
-2.9000000000000075,3.856344352467974e-54,5,0.13333333333333333
-2.8666666666666742,7.000035826653211e-53,5,0.13333333333333333
-2.833333333333341,1.2263518453910106e-51,5,0.13333333333333333
-2.800000000000008,2.0735887030644673e-50,5,0.13333333333333333
-2.7666666666666746,3.3839610162855356e-49,5,0.13333333333333333
-2.7333333333333414,5.3299847871527655e-48,5,0.13333333333333333
-2.700000000000008,8.102654989417557e-47,5,0.13333333333333333
-2.666666666666675,1.1888650638611155e-45,5,0.13333333333333333
-2.6333333333333417,1.6836232919201343e-44,5,0.13333333333333333
-2.6000000000000085,2.301272069771956e-43,5,0.13333333333333333
-2.5666666666666753,3.036025955001628e-42,5,0.13333333333333333
-2.533333333333342,3.8659971326210997e-41,5,0.13333333333333333
-2.500000000000009,4.7516064136204416e-40,5,0.13333333333333333
-2.4666666666666757,5.636985740315452e-39,5,0.13333333333333333
-2.4333333333333425,6.454846895426908e-38,5,0.13333333333333333
-2.4000000000000092,7.1344882781144045e-37,5,0.13333333333333333
-2.366666666666676,7.611728726054368e-36,5,0.13333333333333333
-2.333333333333343,7.838870364474087e-35,5,0.13333333333333333
-2.3000000000000096,7.792555663427666e-34,5,0.13333333333333333
-2.2666666666666764,7.477726784185097e-33,5,0.13333333333333333
-2.233333333333343,6.926757844278602e-32,5,0.13333333333333333
-2.20000000000001,6.1939707153478735e-31,5,0.13333333333333333
-2.1666666666666767,5.34682004303064e-30,5,0.13333333333333333
-2.1333333333333435,4.455725148686431e-29,5,0.13333333333333333
-2.1000000000000103,3.5846550861580302e-28,5,0.13333333333333333
-2.066666666666677,2.7841518269382754e-27,5,0.13333333333333333
-2.033333333333344,2.087690503611806e-26,5,0.13333333333333333
-2.0000000000000107,1.5113979045404482e-25,5,0.13333333333333333
-1.9666666666666774,1.0564370743109956e-24,5,0.13333333333333333
-1.9333333333333442,7.129745269813786e-24,5,0.13333333333333333
-1.900000000000011,4.6460541841939273e-23,5,0.13333333333333333
-1.8666666666666778,2.923409387877502e-22,5,0.13333333333333333
-1.8333333333333446,1.776259096839716e-21,5,0.13333333333333333
-1.8000000000000114,1.0422010878320695e-20,5,0.13333333333333333
-1.7666666666666782,5.905321475750009e-20,5,0.13333333333333333
-1.733333333333345,3.231482361365791e-19,5,0.13333333333333333
-1.7000000000000117,1.70783863995556e-18,5,0.13333333333333333
-1.6666666666666785,8.717671186047874e-18,5,0.13333333333333333
-1.6333333333333453,4.298192038991475e-17,5,0.13333333333333333
-1.600000000000012,2.0470442702606484e-16,5,0.13333333333333333
-1.5666666666666789,9.417823048782591e-16,5,0.13333333333333333
-1.5333333333333456,4.185842641171449e-15,5,0.13333333333333333
-1.5000000000000124,1.797434319364385e-14,5,0.13333333333333333
-1.4666666666666792,7.457463139934109e-14,5,0.13333333333333333
-1.433333333333346,2.9897088831262296e-13,5,0.13333333333333333
-1.4000000000000128,1.1582431025424906e-12,5,0.13333333333333333
-1.3666666666666796,4.33649178253018e-12,5,0.13333333333333333
-1.3333333333333464,1.569213031369539e-11,5,0.13333333333333333
-1.3000000000000131,5.488682388701432e-11,5,0.13333333333333333
-1.26666666666668,1.8558249751985712e-10,5,0.13333333333333333
-1.2333333333333467,6.066388411239307e-10,5,0.13333333333333333
-1.2000000000000135,1.9173036738665487e-09,5,0.13333333333333333
-1.1666666666666803,5.859545317872999e-09,5,0.13333333333333333
-1.133333333333347,1.731791718869877e-08,5,0.13333333333333333
-1.1000000000000139,4.9503287897867125e-08,5,0.13333333333333333
-1.0666666666666806,1.368763446817138e-07,5,0.13333333333333333
-1.0333333333333474,3.66124909724999e-07,5,0.13333333333333333
-1.0000000000000142,9.475195509590985e-07,5,0.13333333333333333
-0.966666666666681,2.372777595591613e-06,5,0.13333333333333333
-0.9333333333333478,5.750257499185363e-06,5,0.13333333333333333
-0.9000000000000146,1.3487404784488588e-05,5,0.13333333333333333
-0.8666666666666814,3.062140707397195e-05,5,0.13333333333333333
-0.8333333333333481,6.729977359665427e-05,5,0.13333333333333333
-0.8000000000000149,0.0001431907042659704,5,0.13333333333333333
-0.7666666666666817,0.00029493482097462943,5,0.13333333333333333
-0.7333333333333485,0.0005880433107769966,5,0.13333333333333333
-0.7000000000000153,0.0011346929698599019,5,0.13333333333333333
-0.6666666666666821,0.002118294325244406,5,0.13333333333333333
-0.6333333333333488,0.0038240050842515546,5,0.13333333333333333
-0.6000000000000156,0.006671093893279518,5,0.13333333333333333
-0.5666666666666824,0.011238413916330662,5,0.13333333333333333
-0.5333333333333492,0.018269822110407133,5,0.13333333333333333
-0.500000000000016,0.028645550745385204,5,0.13333333333333333
-0.4666666666666828,0.04331204471094024,5,0.13333333333333333
-0.43333333333334956,0.0631770816279717,5,0.13333333333333333
-0.40000000000001634,0.08899314375026927,5,0.13333333333333333
-0.3666666666666831,0.12126002712070008,5,0.13333333333333333
-0.3333333333333499,0.1601714863888837,5,0.13333333333333333
-0.3000000000000167,0.20561367709160472,5,0.13333333333333333
-0.2666666666666835,0.25720508726216973,5,0.13333333333333333
-0.23333333333335027,0.31435738675071156,5,0.13333333333333333
-0.20000000000001705,0.37633649723481816,5,0.13333333333333333
-0.16666666666668384,0.4423087087551108,5,0.13333333333333333
-0.13333333333335062,0.5113621066106466,5,0.13333333333333333
-0.10000000000001741,0.5824966760876606,5,0.13333333333333333
-0.0666666666666842,0.654574585585602,5,0.13333333333333333
-0.03333333333335098,0.7262070934197664,5,0.13333333333333333
-1.7763568394002505e-14,0.7955232051054499,5,0.13333333333333333
0.03333333333331545,0.859715100425016,5,0.13333333333333333
0.06666666666664867,0.9141184226636767,5,0.13333333333333333
0.09999999999998188,0.9505464431770877,5,0.13333333333333333
0.1333333333333151,0.9559954903836242,5,0.13333333333333333
0.1666666666666483,0.9158469494775252,5,0.13333333333333333
0.19999999999998153,0.8238389690652107,5,0.13333333333333333
0.23333333333331474,0.690875440110735,5,0.13333333333333333
0.26666666666664796,0.5415279094444397,5,0.13333333333333333
0.29999999999998117,0.4007103738113991,5,0.13333333333333333
0.3333333333333144,0.2834323722246688,5,0.13333333333333333
0.3666666666666476,0.19373606992828246,5,0.13333333333333333
0.3999999999999808,0.12892660337165965,5,0.13333333333333333
0.43333333333331403,0.08386314025397786,5,0.13333333333333333
0.46666666666664725,0.053394363669361386,5,0.13333333333333333
0.49999999999998046,0.03326667334856679,5,0.13333333333333333
0.5333333333333137,0.020259542042078905,5,0.13333333333333333
0.5666666666666469,0.012042400299609547,5,0.13333333333333333
0.5999999999999801,0.0069757136430463286,5,0.13333333333333333
0.6333333333333133,0.003932161702798505,5,0.13333333333333333
0.6666666666666465,0.0021542638905030515,5,0.13333333333333333
0.6999999999999797,0.0011458936795524064,5,0.13333333333333333
0.733333333333313,0.000591308019168598,5,0.13333333333333333
0.7666666666666462,0.00029582525023028793,5,0.13333333333333333
0.7999999999999794,0.0001434178899304126,5,0.13333333333333333
0.8333333333333126,6.735398128377276e-05,5,0.13333333333333333
0.8666666666666458,3.063349950503648e-05,5,0.13333333333333333
0.899999999999979,1.348992604101136e-05,5,0.13333333333333333
0.9333333333333123,5.7507486938871935e-06,5,0.13333333333333333
0.9666666666666455,2.3728669902644946e-06,5,0.13333333333333333
0.9999999999999787,9.475347454163215e-07,5,0.13333333333333333
1.033333333333312,3.6612732115746685e-07,5,0.13333333333333333
1.0666666666666451,1.3687670194537174e-07,5,0.13333333333333333
1.0999999999999783,4.950333729941836e-08,5,0.13333333333333333
1.1333333333333115,1.731792356327437e-08,5,0.13333333333333333
1.1666666666666448,5.859546085320859e-09,5,0.13333333333333333
1.199999999999978,1.917303760059107e-09,5,0.13333333333333333
1.2333333333333112,6.066388501534379e-10,5,0.13333333333333333
1.2666666666666444,1.855824984021539e-10,5,0.13333333333333333
1.2999999999999776,5.488682396744231e-11,5,0.13333333333333333
1.3333333333333108,1.5692130320542156e-11,5,0.13333333333333333
1.366666666666644,4.336491783076733e-12,5,0.13333333333333333
1.3999999999999773,1.158243102584047e-12,5,0.13333333333333333
1.4333333333333105,2.9897088831580677e-13,5,0.13333333333333333
1.4666666666666437,7.457463139962897e-14,5,0.13333333333333333
1.499999999999977,1.797434319368198e-14,5,0.13333333333333333
1.5333333333333101,4.185842641178613e-15,5,0.13333333333333333
1.5666666666666433,9.417823048798047e-16,5,0.13333333333333333
1.5999999999999766,2.0470442702640378e-16,5,0.13333333333333333
1.6333333333333098,4.298192038998718e-17,5,0.13333333333333333
1.666666666666643,8.717671186062859e-18,5,0.13333333333333333
1.6999999999999762,1.7078386399585553e-18,5,0.13333333333333333
1.7333333333333094,3.23148236137159e-19,5,0.13333333333333333
1.7666666666666426,5.905321475760817e-20,5,0.13333333333333333
1.7999999999999758,1.0422010878340133e-20,5,0.13333333333333333
1.833333333333309,1.7762590968431018e-21,5,0.13333333333333333
1.8666666666666423,2.9234093878831794e-22,5,0.13333333333333333
1.8999999999999755,4.6460541842031127e-23,5,0.13333333333333333
1.9333333333333087,7.129745269828181e-24,5,0.13333333333333333
1.966666666666642,1.0564370743131655e-24,5,0.13333333333333333
1.9999999999999751,1.5113979045436154e-25,5,0.13333333333333333
2.0333333333333083,2.087690503616254e-26,5,0.13333333333333333
2.0666666666666416,2.7841518269443057e-27,5,0.13333333333333333
2.0999999999999748,3.584655086165921e-28,5,0.13333333333333333
2.133333333333308,4.4557251486964274e-29,5,0.13333333333333333
2.166666666666641,5.3468200430428256e-30,5,0.13333333333333333
2.1999999999999744,6.193970715362246e-31,5,0.13333333333333333
2.2333333333333076,6.926757844294971e-32,5,0.13333333333333333
2.266666666666641,7.477726784202978e-33,5,0.13333333333333333
2.299999999999974,7.792555663446628e-34,5,0.13333333333333333
2.3333333333333073,7.838870364493388e-35,5,0.13333333333333333
2.3666666666666405,7.611728726073426e-36,5,0.13333333333333333
2.3999999999999737,7.134488278132571e-37,5,0.13333333333333333
2.433333333333307,6.454846895443532e-38,5,0.13333333333333333
2.46666666666664,5.636985740330205e-39,5,0.13333333333333333
2.4999999999999734,4.7516064136330794e-40,5,0.13333333333333333
2.5333333333333066,3.8659971326314933e-41,5,0.13333333333333333
2.56666666666664,3.036025955009917e-42,5,0.13333333333333333
2.599999999999973,2.301272069778337e-43,5,0.13333333333333333
2.633333333333306,1.6836232919248503e-44,5,0.13333333333333333
2.6666666666666394,1.1888650638644968e-45,5,0.13333333333333333
2.6999999999999726,8.102654989440829e-47,5,0.13333333333333333
2.733333333333306,5.329984787168375e-48,5,0.13333333333333333
2.766666666666639,3.3839610162955424e-49,5,0.13333333333333333
2.7999999999999723,2.0735887030706586e-50,5,0.13333333333333333
2.8333333333333055,1.2263518453947241e-51,5,0.13333333333333333
2.8666666666666387,7.000035826674704e-53,5,0.13333333333333333
2.899999999999972,3.856344352479979e-54,5,0.13333333333333333
2.933333333333305,2.0504045058031903e-55,5,0.13333333333333333
2.9666666666666384,1.0521785777471668e-56,5,0.13333333333333333
2.9999999999999716,5.211030795950249e-58,5,0.13333333333333333
3.033333333333305,2.4908084920985046e-59,5,0.13333333333333333
3.066666666666638,1.1490472976931688e-60,5,0.13333333333333333
3.0999999999999712,5.115814771952385e-62,5,0.13333333333333333
3.1333333333333044,2.1982122679597824e-63,5,0.13333333333333333
3.1666666666666377,9.115930838773582e-65,5,0.13333333333333333
3.199999999999971,3.6484445816057646e-66,5,0.13333333333333333
3.233333333333304,1.4092520260745528e-67,5,0.13333333333333333
3.2666666666666373,5.253426808628526e-69,5,0.13333333333333333
3.2999999999999705,1.890030462835984e-70,5,0.13333333333333333
3.3333333333333037,6.562451189589031e-72,5,0.13333333333333333
3.366666666666637,2.199042690799057e-73,5,0.13333333333333333
3.39999999999997,7.111655565259821e-75,5,0.13333333333333333
3.4333333333333034,2.2196090713966512e-76,5,0.13333333333333333
3.4666666666666366,6.6857523366499865e-78,5,0.13333333333333333
3.49999999999997,1.943530849012472e-79,5,0.13333333333333333
3.533333333333303,5.452546019097814e-81,5,0.13333333333333333
3.5666666666666362,1.4762959150163093e-82,5,0.13333333333333333
3.5999999999999694,3.8575640172288407e-84,5,0.13333333333333333
3.6333333333333027,9.727875784818361e-86,5,0.13333333333333333
3.666666666666636,2.3674868753194903e-87,5,0.13333333333333333
3.699999999999969,5.560596770469712e-89,5,0.13333333333333333
3.7333333333333023,1.260431026981763e-90,5,0.13333333333333333
3.7666666666666355,2.7572760826306906e-92,5,0.13333333333333333
3.7999999999999687,5.821093308124512e-94,5,0.13333333333333333
3.833333333333302,1.1860190999746648e-95,5,0.13333333333333333
3.866666666666635,2.332068587294176e-97,5,0.13333333333333333
3.8999999999999684,4.425406689507288e-99,5,0.13333333333333333
3.9333333333333016,8.104514959896409e-101,5,0.13333333333333333
3.966666666666635,1.4323943396990848e-102,5,0.13333333333333333
3.999999999999968,2.443203629127811e-104,5,0.13333333333333333
4.033333333333301,4.02177733948232e-106,5,0.13333333333333333
4.0666666666666345,6.389067451285852e-108,5,0.13333333333333333
4.099999999999968,9.795302048672327e-110,5,0.13333333333333333
4.133333333333301,1.449302128251127e-111,5,0.13333333333333333
4.166666666666634,2.0694770113691402e-113,5,0.13333333333333333
4.199999999999967,2.8518239614395707e-115,5,0.13333333333333333
4.2333333333333005,3.792670500183778e-117,5,0.13333333333333333
4.266666666666634,4.8677434133899227e-119,5,0.13333333333333333
4.299999999999967,6.029347100486725e-121,5,0.13333333333333333
4.3333333333333,7.207303780822892e-123,5,0.13333333333333333
4.366666666666633,8.314482004617122e-125,5,0.13333333333333333
4.399999999999967,9.256723680719988e-127,5,0.13333333333333333
4.4333333333333,9.945784482507302e-129,5,0.13333333333333333
4.466666666666633,1.0312889072099239e-130,5,0.13333333333333333
4.499999999999966,1.032003400781501e-132,5,0.13333333333333333
4.5333333333332995,9.966468935330648e-135,5,0.13333333333333333
4.566666666666633,9.288826382866703e-137,5,0.13333333333333333
4.599999999999966,8.354869093942207e-139,5,0.13333333333333333
4.633333333333299,7.252331894140313e-141,5,0.13333333333333333
4.666666666666632,6.075399684630178e-143,5,0.13333333333333333
4.6999999999999655,4.91169226639547e-145,5,0.13333333333333333
4.733333333333299,3.8321853599201435e-147,5,0.13333333333333333
4.766666666666632,2.8854987148285612e-149,5,0.13333333333333333
4.799999999999965,2.096786641947912e-151,5,0.13333333333333333
4.833333333333298,1.4704373884513562e-153,5,0.13333333333333333
4.866666666666632,9.951710565400835e-156,5,0.13333333333333333
4.899999999999965,6.499916938026914e-158,5,0.13333333333333333
4.933333333333298,4.0971014400237144e-160,5,0.13333333333333333
4.966666666666631,2.492323643102716e-162,5,0.13333333333333333
4.9999999999999645,1.4631572808896686e-164,5,0.13333333333333333
-5.0,7.35746128198418e-165,6,0.16
-4.966666666666667,2.048551134495326e-160,6,0.16
-4.933333333333334,3.250083081055899e-158,6,0.16
-4.9,4.976060137745606e-156,6,0.16
-4.866666666666667,7.352511938064812e-154,6,0.16
-4.833333333333334,1.0484430795212406e-151,6,0.16
-4.800000000000001,1.4428228792761578e-149,6,0.16
-4.7666666666666675,1.916197519282257e-147,6,0.16
-4.733333333333334,2.4559904081207722e-145,6,0.16
-4.700000000000001,3.0378914515675424e-143,6,0.16
-4.666666666666668,3.6264115316651305e-141,6,0.16
-4.633333333333335,4.177738316934437e-139,6,0.16
-4.600000000000001,4.644775808004825e-137,6,0.16
-4.566666666666668,4.9836522110950924e-135,6,0.16
-4.533333333333335,5.160481445201128e-133,6,0.16
-4.500000000000002,5.156942859471175e-131,6,0.16
-4.466666666666669,4.9734082429300117e-129,6,0.16
-4.433333333333335,4.6288774847912335e-127,6,0.16
-4.400000000000002,4.157738291512833e-125,6,0.16
-4.366666666666669,3.604114726578478e-123,6,0.16
-4.333333333333336,3.0150892743295396e-121,6,0.16
-4.3000000000000025,2.434232071872656e-119,6,0.16
-4.266666666666669,1.8966367174381807e-117,6,0.16
-4.233333333333336,1.4261553678838883e-115,6,0.16
-4.200000000000003,1.034928139204873e-113,6,0.16
-4.16666666666667,7.2479365532036e-112,6,0.16
-4.133333333333336,4.898685762819989e-110,6,0.16
-4.100000000000003,3.195258376692884e-108,6,0.16
-4.06666666666667,2.0113784348347327e-106,6,0.16
-4.033333333333337,1.2219212679311213e-104,6,0.16
-4.0000000000000036,7.163982587134214e-103,6,0.16
-3.9666666666666703,4.053479081745372e-101,6,0.16
-3.933333333333337,2.2134195419141195e-99,6,0.16
-3.900000000000004,1.1664395193901759e-97,6,0.16
-3.8666666666666707,5.93230820319346e-96,6,0.16
-3.8333333333333375,2.9117126883439014e-94,6,0.16
-3.8000000000000043,1.3792310508596876e-92,6,0.16
-3.766666666666671,6.305065681537251e-91,6,0.16
-3.733333333333338,2.781677023265023e-89,6,0.16
-3.7000000000000046,1.184373653168523e-87,6,0.16
-3.6666666666666714,4.866718190775188e-86,6,0.16
-3.633333333333338,1.9299657520445643e-84,6,0.16
-3.600000000000005,7.386343512945403e-83,6,0.16
-3.5666666666666718,2.728201791547053e-81,6,0.16
-3.5333333333333385,9.725035724600675e-80,6,0.16
-3.5000000000000053,3.345602441321989e-78,6,0.16
-3.466666666666672,1.1107763011186958e-76,6,0.16
-3.433333333333339,3.5591706587851833e-75,6,0.16
-3.4000000000000057,1.1006311499312222e-73,6,0.16
-3.3666666666666725,3.2847814225652865e-72,6,0.16
-3.3333333333333393,9.461147527600296e-71,6,0.16
-3.300000000000006,2.6299946298997867e-69,6,0.16
-3.266666666666673,7.0557102826622744e-68,6,0.16
-3.2333333333333396,1.826849004200913e-66,6,0.16
-3.2000000000000064,4.5650116795015915e-65,6,0.16
-3.166666666666673,1.10093035626697e-63,6,0.16
-3.13333333333334,2.562465351387056e-62,6,0.16
-3.1000000000000068,5.756227549786659e-61,6,0.16
-3.0666666666666735,1.247962153431184e-59,6,0.16
-3.0333333333333403,2.6112606344552004e-58,6,0.16
-3.000000000000007,5.273346931179536e-57,6,0.16
-2.966666666666674,1.0278077682963412e-55,6,0.16
-2.9333333333333407,1.933433069122706e-54,6,0.16
-2.9000000000000075,3.510269935855589e-53,6,0.16
-2.8666666666666742,6.151040948717393e-52,6,0.16
-2.833333333333341,1.0402943694455602e-50,6,0.16
-2.800000000000008,1.6981122673697229e-49,6,0.16
-2.7666666666666746,2.6753603370917052e-48,6,0.16
-2.7333333333333414,4.0682472997902063e-47,6,0.16
-2.700000000000008,5.9709752432413415e-46,6,0.16
-2.666666666666675,8.458629734547759e-45,6,0.16
-2.6333333333333417,1.1565803602052835e-43,6,0.16
-2.6000000000000085,1.5264310939604146e-42,6,0.16
-2.5666666666666753,1.9445049266594097e-41,6,0.16
-2.533333333333342,2.390983336585229e-40,6,0.16
-2.500000000000009,2.8378228558208315e-39,6,0.16
-2.4666666666666757,3.251181479781556e-38,6,0.16
-2.4333333333333425,3.5954290677587797e-37,6,0.16
-2.4000000000000092,3.8381385975043186e-36,6,0.16
-2.366666666666676,3.9551076236276157e-35,6,0.16
-2.333333333333343,3.9343364753441055e-34,6,0.16
-2.3000000000000096,3.778057743914919e-33,6,0.16
-2.2666666666666764,3.5023417004564393e-32,6,0.16
-2.233333333333343,3.1343739915948623e-31,6,0.16
-2.20000000000001,2.708043810736713e-30,6,0.16
-2.1666666666666767,2.258832427919955e-29,6,0.16
-2.1333333333333435,1.8190616432941684e-28,6,0.16
-2.1000000000000103,1.4143545392125698e-27,6,0.16
-2.066666666666677,1.0617685272366932e-26,6,0.16
-2.033333333333344,7.696197114049155e-26,6,0.16
-2.0000000000000107,5.386569896735569e-25,6,0.16
-1.9666666666666774,3.640442530133915e-24,6,0.16
-1.9333333333333442,2.3758489458125133e-23,6,0.16
-1.900000000000011,1.49735342028782e-22,6,0.16
-1.8666666666666778,9.113598193408276e-22,6,0.16
-1.8333333333333446,5.3571759085542226e-21,6,0.16
-1.8000000000000114,3.04147369271699e-20,6,0.16
-1.7666666666666782,1.6678512350744988e-19,6,0.16
-1.733333333333345,8.834459273565301e-19,6,0.16
-1.7000000000000117,4.5204097110922266e-18,6,0.16
-1.6666666666666785,2.2344879514935154e-17,6,0.16
-1.6333333333333453,1.0671104910605635e-16,6,0.16
-1.600000000000012,4.923821126340868e-16,6,0.16
-1.5666666666666789,2.1952735340987533e-15,6,0.16
-1.5333333333333456,9.45806274926099e-15,6,0.16
-1.5000000000000124,3.938023702025516e-14,6,0.16
-1.4666666666666792,1.5847261575311558e-13,6,0.16
-1.433333333333346,6.164088669706486e-13,6,0.16
-1.4000000000000128,2.3177313354176585e-12,6,0.16
-1.3666666666666796,8.42518670806996e-12,6,0.16
-1.3333333333333464,2.96116578341735e-11,6,0.16
-1.3000000000000131,1.0063731390993734e-10,6,0.16
-1.26666666666668,3.307628324324729e-10,6,0.16
-1.2333333333333467,1.0514430849648802e-09,6,0.16
-1.2000000000000135,3.2330920727052127e-09,6,0.16
-1.1666666666666803,9.617610372035818e-09,6,0.16
-1.133333333333347,2.7681416124621815e-08,6,0.16
-1.1000000000000139,7.709712724816158e-08,6,0.16
-1.0666666666666806,2.0781407249205828e-07,6,0.16
-1.0333333333333474,5.421977720087731e-07,6,0.16
-1.0000000000000142,1.3694501534530922e-06,6,0.16
-0.966666666666681,3.3488820915386293e-06,6,0.16
-0.9333333333333478,7.93005593403724e-06,6,0.16
-0.9000000000000146,1.818565136555668e-05,6,0.16
-0.8666666666666814,4.039271972068376e-05,6,0.16
-0.8333333333333481,8.690214248852777e-05,6,0.16
-0.8000000000000149,0.00018110080582782242,6,0.16
-0.7666666666666817,0.0003655519492499712,6,0.16
-0.7333333333333485,0.0007145737870998204,6,0.16
-0.7000000000000153,0.0013523405428280985,6,0.16
-0.6666666666666821,0.002476681929706022,6,0.16
-0.6333333333333488,0.004386690844685044,6,0.16
-0.6000000000000156,0.007508873713797029,6,0.16
-0.5666666666666824,0.012412601420600732,6,0.16
-0.5333333333333492,0.0198031292048276,6,0.16
-0.500000000000016,0.03048250404725437,6,0.16
-0.4666666666666828,0.04527716097357426,6,0.16
-0.43333333333334956,0.06494382494710203,6,0.16
-0.40000000000001634,0.09007602426747878,6,0.16
-0.3666666666666831,0.12103528998608283,6,0.16
-0.3333333333333499,0.15792225410018884,6,0.16
-0.3000000000000167,0.2005883764532235,6,0.16
-0.2666666666666835,0.248676815441637,6,0.16
-0.23333333333335027,0.30167585180100753,6,0.16
-0.20000000000001705,0.3589697623057358,6,0.16
-0.16666666666668384,0.4198768929374712,6,0.16
-0.13333333333335062,0.4836696156588738,6,0.16
-0.10000000000001741,0.5495730092946675,6,0.16
-0.0666666666666842,0.6167370117777111,6,0.16
-0.03333333333335098,0.6841710389921889,6,0.16
-1.7763568394002505e-14,0.7506144346492692,6,0.16
0.03333333333331545,0.8142697497261873,6,0.16
0.06666666666664867,0.8722450744534884,6,0.16
0.09999999999998188,0.9193939791275109,6,0.16
0.1333333333333151,0.9461492774811712,6,0.16
0.1666666666666483,0.9369605758610968,6,0.16
0.19999999999998153,0.8756545470179475,6,0.16
0.23333333333331474,0.759775073303458,6,0.16
0.26666666666664796,0.6091409209746932,6,0.16
0.29999999999998117,0.45506385425102674,6,0.16
0.3333333333333144,0.32183024964760376,6,0.16
0.3666666666666476,0.21892185591175425,6,0.16
0.3999999999999808,0.14489973279072976,6,0.16
0.43333333333331403,0.09391470571756995,6,0.16
0.46666666666664725,0.05975017774878795,6,0.16
0.49999999999998046,0.0373150546613004,6,0.16
0.5333333333333137,0.02284686725422901,6,0.16
0.5666666666666469,0.013689985535147614,6,0.16
0.5999999999999801,0.008013192503067841,6,0.16
0.6333333333333133,0.004573792712358661,6,0.16
0.6666666666666465,0.002541857455841879,6,0.16
0.6999999999999797,0.0013736441963831034,6,0.16
0.733333333333313,0.0007211045768405799,6,0.16
0.7666666666666462,0.00036742876984598155,6,0.16
0.7999999999999794,0.00018160621096100613,6,0.16
0.8333333333333126,8.702962077369658e-05,6,0.16
0.8666666666666458,4.04228245785301e-05,6,0.16
0.899999999999979,1.819230516749811e-05,6,0.16
0.9333333333333123,7.931431785159296e-06,6,0.16
0.9666666666666455,3.3491481543094468e-06,6,0.16
0.9999999999999787,1.3694982550006883e-06,6,0.16
1.033333333333312,5.422058994982192e-07,6,0.16
1.0666666666666451,2.0781535554816958e-07,6,0.16
1.0999999999999783,7.709731644138727e-08,6,0.16
1.1333333333333115,2.7681442175618832e-08,6,0.16
1.1666666666666448,9.617613720913622e-09,6,0.16
1.199999999999978,3.233092474530402e-09,6,0.16
1.2333333333333112,1.051443129958953e-09,6,0.16
1.2666666666666444,3.3076283713343975e-10,6,0.16
1.2999999999999776,1.0063731436818695e-10,6,0.16
1.3333333333333108,2.9611657875858274e-11,6,0.16
1.366666666666644,8.425186711612081e-12,6,0.16
1.3999999999999773,2.3177313357000134e-12,6,0.16
1.4333333333333105,6.164088669921052e-13,6,0.16
1.4666666666666437,1.584726157547622e-13,6,0.16
1.499999999999977,3.9380237020404903e-14,6,0.16
1.5333333333333101,9.458062749280956e-15,6,0.16
1.5666666666666433,2.195273534102512e-15,6,0.16
1.5999999999999766,4.923821126348961e-16,6,0.16
1.6333333333333098,1.0671104910623334e-16,6,0.16
1.666666666666643,2.2344879514972865e-17,6,0.16
1.6999999999999762,4.520409711100009e-18,6,0.16
1.7333333333333094,8.834459273580817e-19,6,0.16
1.7666666666666426,1.6678512350774956e-19,6,0.16
1.7999999999999758,3.041473692722564e-20,6,0.16
1.833333333333309,5.357175908564225e-21,6,0.16
1.8666666666666423,9.113598193425666e-22,6,0.16
1.8999999999999755,1.4973534202907306e-22,6,0.16
1.9333333333333087,2.3758489458172147e-23,6,0.16
1.966666666666642,3.6404425301412716e-24,6,0.16
1.9999999999999751,5.38656989674664e-25,6,0.16
2.0333333333333083,7.696197114065293e-26,6,0.16
2.0666666666666416,1.0617685272389567e-26,6,0.16
2.0999999999999748,1.414354539215635e-27,6,0.16
2.133333333333308,1.8190616432981747e-28,6,0.16
2.166666666666641,2.258832427925025e-29,6,0.16
2.1999999999999744,2.7080438107428877e-30,6,0.16
2.2333333333333076,3.134373991602138e-31,6,0.16
2.266666666666641,3.502341700464719e-32,6,0.16
2.299999999999974,3.778057743923956e-33,6,0.16
2.3333333333333073,3.934336475353681e-34,6,0.16
2.3666666666666405,3.955107623637357e-35,6,0.16
2.3999999999999737,3.8381385975139306e-36,6,0.16
2.433333333333307,3.5954290677679364e-37,6,0.16
2.46666666666664,3.251181479789931e-38,6,0.16
2.4999999999999734,2.83782285582826e-39,6,0.16
2.5333333333333066,2.390983336591589e-40,6,0.16
2.56666666666664,1.9445049266646384e-41,6,0.16
2.599999999999973,1.5264310939645828e-42,6,0.16
2.633333333333306,1.156580360208491e-43,6,0.16
2.6666666666666394,8.458629734571455e-45,6,0.16
2.6999999999999726,5.970975243258326e-46,6,0.16
2.733333333333306,4.0682472998018924e-47,6,0.16
2.766666666666639,2.6753603370995408e-48,6,0.16
2.7999999999999723,1.6981122673747449e-49,6,0.16
2.8333333333333055,1.0402943694486667e-50,6,0.16
2.8666666666666387,6.15104094873602e-52,6,0.16
2.899999999999972,3.510269935866368e-53,6,0.16
2.933333333333305,1.9334330691287254e-54,6,0.16
2.9666666666666384,1.0278077682995703e-55,6,0.16
2.9999999999999716,5.273346931196326e-57,6,0.16
3.033333333333305,2.6112606344635904e-58,6,0.16
3.066666666666638,1.2479621534352286e-59,6,0.16
3.0999999999999712,5.756227549805643e-61,6,0.16
3.1333333333333044,2.5624653513955796e-62,6,0.16
3.1666666666666377,1.100930356270694e-63,6,0.16
3.199999999999971,4.565011679517164e-65,6,0.16
3.233333333333304,1.8268490042071965e-66,6,0.16
3.2666666666666373,7.055710282686944e-68,6,0.16
3.2999999999999705,2.6299946299090575e-69,6,0.16
3.3333333333333037,9.461147527633916e-71,6,0.16
3.366666666666637,3.284781422577145e-72,6,0.16
3.39999999999997,1.100631149935227e-73,6,0.16
3.4333333333333034,3.5591706587982356e-75,6,0.16
3.4666666666666366,1.1107763011228318e-76,6,0.16
3.49999999999997,3.345602441334542e-78,6,0.16
3.533333333333303,9.72503572463744e-80,6,0.16
3.5666666666666362,2.7282017915575215e-81,6,0.16
3.5999999999999694,7.386343512973955e-83,6,0.16
3.6333333333333027,1.9299657520520802e-84,6,0.16
3.666666666666636,4.866718190794416e-86,6,0.16
3.699999999999969,1.184373653173236e-87,6,0.16
3.7333333333333023,2.7816770232761713e-89,6,0.16
3.7666666666666355,6.305065681562878e-91,6,0.16
3.7999999999999687,1.3792310508653326e-92,6,0.16
3.833333333333302,2.911712688355903e-94,6,0.16
3.866666666666635,5.9323082032180775e-96,6,0.16
3.8999999999999684,1.1664395193950828e-97,6,0.16
3.9333333333333016,2.2134195419234937e-99,6,0.16
3.966666666666635,4.053479081762768e-101,6,0.16
3.999999999999968,7.163982587165165e-103,6,0.16
4.033333333333301,1.2219212679364697e-104,6,0.16
4.0666666666666345,2.0113784348435937e-106,6,0.16
4.099999999999968,3.195258376707052e-108,6,0.16
4.133333333333301,4.898685762841848e-110,6,0.16
4.166666666666634,7.247936553236355e-112,6,0.16
4.199999999999967,1.0349281392095793e-113,6,0.16
4.2333333333333005,1.4261553678904548e-115,6,0.16
4.266666666666634,1.8966367174469134e-117,6,0.16
4.299999999999967,2.4342320718840025e-119,6,0.16
4.3333333333333,3.015089274343593e-121,6,0.16
4.366666666666633,3.604114726595482e-123,6,0.16
4.399999999999967,4.157738291532686e-125,6,0.16
4.4333333333333,4.628877484813599e-127,6,0.16
4.466666666666633,4.973408242954042e-129,6,0.16
4.499999999999966,5.156942859496386e-131,6,0.16
4.5333333333332995,5.160481445226649e-133,6,0.16
4.566666666666633,4.983652211120021e-135,6,0.16
4.599999999999966,4.644775808028058e-137,6,0.16
4.633333333333299,4.177738316955335e-139,6,0.16
4.666666666666632,3.626411531683476e-141,6,0.16
4.6999999999999655,3.0378914515830846e-143,6,0.16
4.733333333333299,2.4559904081334764e-145,6,0.16
4.766666666666632,1.9161975192921692e-147,6,0.16
4.799999999999965,1.4428228792837032e-149,6,0.16
4.833333333333298,1.048443079526783e-151,6,0.16
4.866666666666632,7.352511938103683e-154,6,0.16
4.899999999999965,4.976060137772419e-156,6,0.16
4.933333333333298,3.2500830851956123e-158,6,0.16
4.966666666666631,2.0486238778759015e-160,6,0.16
4.9999999999999645,1.2462034964288938e-162,6,0.16
-5.0,6.26780478855439e-163,7,0.18666666666666668
-4.966666666666667,1.6250419084010136e-158,7,0.18666666666666668
-4.933333333333334,2.4881324964295276e-156,7,0.18666666666666668
-4.9,3.676418473186459e-154,7,0.18666666666666668
-4.866666666666667,5.24246420061309e-152,7,0.18666666666666668
-4.833333333333334,7.214482021977692e-150,7,0.18666666666666668
-4.800000000000001,9.581511817951046e-148,7,0.18666666666666668
-4.7666666666666675,1.2280673452043499e-145,7,0.18666666666666668
-4.733333333333334,1.5190415356597354e-143,7,0.18666666666666668
-4.700000000000001,1.8133285653529712e-141,7,0.18666666666666668
-4.666666666666668,2.0890210530397966e-139,7,0.18666666666666668
-4.633333333333335,2.3225692245789956e-137,7,0.18666666666666668
-4.600000000000001,2.492034992463393e-135,7,0.18666666666666668
-4.566666666666668,2.5804729613909642e-133,7,0.18666666666666668
-4.533333333333335,2.578720612346142e-131,7,0.18666666666666668
-4.500000000000002,2.4869621455372657e-129,7,0.18666666666666668
-4.466666666666669,2.3146965895385903e-127,7,0.18666666666666668
-4.433333333333335,2.079117816168563e-125,7,0.18666666666666668
-4.400000000000002,1.8022888071634786e-123,7,0.18666666666666668
-4.366666666666669,1.5077525240793455e-121,7,0.18666666666666668
-4.333333333333336,1.217296241672657e-119,7,0.18666666666666668
-4.3000000000000025,9.48469113182807e-118,7,0.18666666666666668
-4.266666666666669,7.131993955455378e-116,7,0.18666666666666668
-4.233333333333336,5.1755890143830836e-114,7,0.18666666666666668
-4.200000000000003,3.624681354285742e-112,7,0.18666666666666668
-4.16666666666667,2.4498603454795967e-110,7,0.18666666666666668
-4.133333333333336,1.5979915851741021e-108,7,0.18666666666666668
-4.100000000000003,1.0059341517055073e-106,7,0.18666666666666668
-4.06666666666667,6.111203968843953e-105,7,0.18666666666666668
-4.033333333333337,3.5829969827845244e-103,7,0.18666666666666668
-4.0000000000000036,2.0273505015066515e-101,7,0.18666666666666668
-3.9666666666666703,1.1070679700864165e-99,7,0.18666666666666668
-3.933333333333337,5.8342243364917527e-98,7,0.18666666666666668
-3.900000000000004,2.967260811367687e-96,7,0.18666666666666668
-3.8666666666666707,1.4564395639316457e-94,7,0.18666666666666668
-3.8333333333333375,6.899121408400035e-93,7,0.18666666666666668
-3.8000000000000043,3.1539886971127975e-91,7,0.18666666666666668
-3.766666666666671,1.3915281271579414e-89,7,0.18666666666666668
-3.733333333333338,5.925020798683384e-88,7,0.18666666666666668
-3.7000000000000046,2.4347499338992265e-86,7,0.18666666666666668
-3.6666666666666714,9.655750628488665e-85,7,0.18666666666666668
-3.633333333333338,3.695605115568089e-83,7,0.18666666666666668
-3.600000000000005,1.3650658786495488e-81,7,0.18666666666666668
-3.5666666666666718,4.86621103405681e-80,7,0.18666666666666668
-3.5333333333333385,1.674165321556768e-78,7,0.18666666666666668
-3.5000000000000053,5.558744023455779e-77,7,0.18666666666666668
-3.466666666666672,1.7812581306132526e-75,7,0.18666666666666668
-3.433333333333339,5.508709631161704e-74,7,0.18666666666666668
-3.4000000000000057,1.6441702966120358e-72,7,0.18666666666666668
-3.3666666666666725,4.736076919549804e-71,7,0.18666666666666668
-3.3333333333333393,1.316639705661176e-69,7,0.18666666666666668
-3.300000000000006,3.5325857150949373e-68,7,0.18666666666666668
-3.266666666666673,9.147394994154064e-67,7,0.18666666666666668
-3.2333333333333396,2.286033694892127e-65,7,0.18666666666666668
-3.2000000000000064,5.513786026355854e-64,7,0.18666666666666668
-3.166666666666673,1.2835151815332789e-62,7,0.18666666666666668
-3.13333333333334,2.8836184266746645e-61,7,0.18666666666666668
-3.1000000000000068,6.252623093912855e-60,7,0.18666666666666668
-3.0666666666666735,1.3085084310024935e-58,7,0.18666666666666668
-3.0333333333333403,2.642913276356924e-57,7,0.18666666666666668
-3.000000000000007,5.152095144653982e-56,7,0.18666666666666668
-2.966666666666674,9.693532080269428e-55,7,0.18666666666666668
-2.9333333333333407,1.7602740067692762e-53,7,0.18666666666666668
-2.9000000000000075,3.08518763970431e-52,7,0.18666666666666668
-2.8666666666666742,5.219023196907079e-51,7,0.18666666666666668
-2.833333333333341,8.521316541592201e-50,7,0.18666666666666668
-2.800000000000008,1.3428816403930804e-48,7,0.18666666666666668
-2.7666666666666746,2.0426142112319517e-47,7,0.18666666666666668
-2.7333333333333414,2.9988644233061294e-46,7,0.18666666666666668
-2.700000000000008,4.2496561037728306e-45,7,0.18666666666666668
-2.666666666666675,5.812756677242624e-44,7,0.18666666666666668
-2.6333333333333417,7.674448618474812e-43,7,0.18666666666666668
-2.6000000000000085,9.780353651307313e-42,7,0.18666666666666668
-2.5666666666666753,1.2031238237624166e-40,7,0.18666666666666668
-2.533333333333342,1.4286339525437128e-39,7,0.18666666666666668
-2.500000000000009,1.6375456565737043e-38,7,0.18666666666666668
-2.4666666666666757,1.811903648158494e-37,7,0.18666666666666668
-2.4333333333333425,1.935325206151067e-36,7,0.18666666666666668
-2.4000000000000092,1.9955309571526017e-35,7,0.18666666666666668
-2.366666666666676,1.9863589306595744e-34,7,0.18666666666666668
-2.333333333333343,1.9088044100755975e-33,7,0.18666666666666668
-2.3000000000000096,1.77084253260494e-32,7,0.18666666666666668
-2.2666666666666764,1.5860772845170057e-31,7,0.18666666666666668
-2.233333333333343,1.3715336138706385e-30,7,0.18666666666666668
-2.20000000000001,1.1450880839179517e-29,7,0.18666666666666668
-2.1666666666666767,9.230710407007678e-29,7,0.18666666666666668
-2.1333333333333435,7.184714317458847e-28,7,0.18666666666666668
-2.1000000000000103,5.399795718348174e-27,7,0.18666666666666668
-2.066666666666677,3.9188162839852057e-26,7,0.18666666666666668
-2.033333333333344,2.7463733747296188e-25,7,0.18666666666666668
-2.0000000000000107,1.8587022506372035e-24,7,0.18666666666666668
-1.9666666666666774,1.2148573223899344e-23,7,0.18666666666666668
-1.9333333333333442,7.668789227945796e-23,7,0.18666666666666668
-1.900000000000011,4.675591543994764e-22,7,0.18666666666666668
-1.8666666666666778,2.7534556252915024e-21,7,0.18666666666666668
-1.8333333333333446,1.5663048373255365e-20,7,0.18666666666666668
-1.8000000000000114,8.607114970800205e-20,7,0.18666666666666668
-1.7666666666666782,4.5693033214185e-19,7,0.18666666666666668
-1.733333333333345,2.3435974172998383e-18,7,0.18666666666666668
-1.7000000000000117,1.1614162721145843e-17,7,0.18666666666666668
-1.6666666666666785,5.561572940857429e-17,7,0.18666666666666668
-1.6333333333333453,2.573634960745109e-16,7,0.18666666666666668
-1.600000000000012,1.1509922916024039e-15,7,0.18666666666666668
-1.5666666666666789,4.9752224309475205e-15,7,0.18666666666666668
-1.5333333333333456,2.0787755277176647e-14,7,0.18666666666666668
-1.5000000000000124,8.396533925118328e-14,7,0.18666666666666668
-1.4666666666666792,3.278945519953762e-13,7,0.18666666666666668
-1.433333333333346,1.2381019755843178e-12,7,0.18666666666666668
-1.4000000000000128,4.5207977875061835e-12,7,0.18666666666666668
-1.3666666666666796,1.5964694584621286e-11,7,0.18666666666666668
-1.3333333333333464,5.453125030699227e-11,7,0.18666666666666668
-1.3000000000000131,1.8018724511161777e-10,7,0.18666666666666668
-1.26666666666668,5.760401992183278e-10,7,0.18666666666666668
-1.2333333333333467,1.7819274505001468e-09,7,0.18666666666666668
-1.2000000000000135,5.334526710221769e-09,7,0.18666666666666668
-1.1666666666666803,1.5457253947501933e-08,7,0.18666666666666668
-1.133333333333347,4.3357367639804984e-08,7,0.18666666666666668
-1.1000000000000139,1.1774773582425445e-07,7,0.18666666666666668
-1.0666666666666806,3.09647392021576e-07,7,0.18666666666666668
-1.0333333333333474,7.886317465311685e-07,7,0.18666666666666668
-1.0000000000000142,1.945537747567133e-06,7,0.18666666666666668
-0.966666666666681,4.649740841666487e-06,7,0.18666666666666668
-0.9333333333333478,1.076720282796679e-05,7,0.18666666666666668
-0.9000000000000146,2.416107409015664e-05,7,0.18666666666666668
-0.8666666666666814,5.2542452674151526e-05,7,0.18666666666666668
-0.8333333333333481,0.00011074052958824008,7,0.18666666666666668
-0.8000000000000149,0.00022620183062020322,7,0.18666666666666668
-0.7666666666666817,0.00044774173282475366,7,0.18666666666666668
-0.7333333333333485,0.0008586072066957996,7,0.18666666666666668
-0.7000000000000153,0.0015945031908661767,7,0.18666666666666668
-0.6666666666666821,0.0028660328474319576,7,0.18666666666666668
-0.6333333333333488,0.004982727975537762,7,0.18666666666666668
-0.6000000000000156,0.008372680209150917,7,0.18666666666666668
-0.5666666666666824,0.013588845310941646,7,0.18666666666666668
-0.5333333333333492,0.021292530658134717,7,0.18666666666666668
-0.500000000000016,0.03220857361329616,7,0.18666666666666668
-0.4666666666666828,0.047055461028024416,7,0.18666666666666668
-0.43333333333334956,0.06646385885212483,7,0.18666666666666668
-0.40000000000001634,0.09090318926194137,7,0.18666666666666668
-0.3666666666666831,0.12063398954538398,7,0.18666666666666668
-0.3333333333333499,0.15569460215042819,7,0.18666666666666668
-0.3000000000000167,0.19591939073129105,7,0.18666666666666668
-0.2666666666666835,0.24097758956877083,7,0.18666666666666668
-0.23333333333335027,0.29041946253135786,7,0.18666666666666668
-0.20000000000001705,0.34371871523664715,7,0.18666666666666668
-0.16666666666668384,0.4003042876099515,7,0.18666666666666668
-0.13333333333335062,0.4595781736515949,7,0.18666666666666668
-0.10000000000001741,0.5209176648013129,7,0.18666666666666668
-0.0666666666666842,0.5836601205333373,7,0.18666666666666668
-0.03333333333335098,0.6470642256520219,7,0.18666666666666668
-1.7763568394002505e-14,0.7102313514144888,7,0.18666666666666668
0.03333333333331545,0.771951866470473,7,0.18666666666666668
0.06666666666664867,0.8303818517194951,7,0.18666666666666668
0.09999999999998188,0.8823197788933758,7,0.18666666666666668
0.1333333333333151,0.9216553111218957,7,0.18666666666666668
0.1666666666666483,0.9365874261625465,7,0.18666666666666668
0.19999999999998153,0.9084952163232141,7,0.18666666666666668
0.23333333333331474,0.8215413788177822,7,0.18666666666666668
0.26666666666664796,0.6814544738907373,7,0.18666666666666668
0.29999999999998117,0.5189811757146802,7,0.18666666666666668
0.3333333333333144,0.36882412157138106,7,0.18666666666666668
0.3666666666666476,0.24988074662424958,7,0.18666666666666668
0.3999999999999808,0.16423964222382792,7,0.18666666666666668
0.43333333333331403,0.10581012503412147,7,0.18666666666666668
0.46666666666664725,0.06710039191856357,7,0.18666666666666668
0.49999999999998046,0.04190814338104436,7,0.18666666666666668
0.5333333333333137,0.025743519618308664,7,0.18666666666666668
0.5666666666666469,0.015521583496496655,7,0.18666666666666668
0.5999999999999801,0.009165188348588522,7,0.18666666666666668
0.6333333333333133,0.005289075022407941,7,0.18666666666666668
0.6666666666666465,0.002977524990650356,7,0.18666666666666668
0.6999999999999797,0.001632669225844245,7,0.18666666666666668
0.733333333333313,0.0008708868620100118,7,0.18666666666666668
0.7666666666666462,0.0004514527960997692,7,0.18666666666666668
0.7999999999999794,0.00022725468125904278,7,0.18666666666666668
0.8333333333333126,0.00011102078713199065,7,0.18666666666666668
0.8666666666666458,5.2612411609582285e-05,7,0.18666666666666668
0.899999999999979,2.4177442401272048e-05,7,0.18666666666666668
0.9333333333333123,1.0770790609538568e-05,7,0.18666666666666668
0.9666666666666455,4.650477226496931e-06,7,0.18666666666666668
0.9999999999999787,1.9456792114650574e-06,7,0.18666666666666668
1.033333333333312,7.886571717420786e-07,7,0.18666666666666668
1.0666666666666451,3.0965166557845143e-07,7,0.18666666666666668
1.0999999999999783,1.1774840734608616e-07,7,0.18666666666666668
1.1333333333333115,4.335746625144999e-08,7,0.18666666666666668
1.1666666666666448,1.5457267476236486e-08,7,0.18666666666666668
1.199999999999978,5.3345284437148796e-09,7,0.18666666666666668
1.2333333333333112,1.7819276579006177e-09,7,0.18666666666666668
1.2666666666666444,5.760402223826509e-10,7,0.18666666666666668
1.2999999999999776,1.8018724752635446e-10,7,0.18666666666666668
1.3333333333333108,5.4531250541910895e-11,7,0.18666666666666668
1.366666666666644,1.596469460595344e-11,7,0.18666666666666668
1.3999999999999773,4.520797789316215e-12,7,0.18666666666666668
1.4333333333333105,1.2381019757284572e-12,7,0.18666666666666668
1.4666666666666437,3.2789455200633075e-13,7,0.18666666666666668
1.499999999999977,8.396533925202659e-14,7,0.18666666666666668
1.5333333333333101,2.078775527725402e-14,7,0.18666666666666668
1.5666666666666433,4.9752224309579445e-15,7,0.18666666666666668
1.5999999999999766,1.1509922916043738e-15,7,0.18666666666666668
1.6333333333333098,2.5736349607493457e-16,7,0.18666666666666668
1.666666666666643,5.561572940866667e-17,7,0.18666666666666668
1.6999999999999762,1.1614162721165473e-17,7,0.18666666666666668
1.7333333333333094,2.3435974173038793e-18,7,0.18666666666666668
1.7666666666666426,4.569303321426537e-19,7,0.18666666666666668
1.7999999999999758,8.607114970815689e-20,7,0.18666666666666668
1.833333333333309,1.5663048373284104e-20,7,0.18666666666666668
1.8666666666666423,2.7534556252966493e-21,7,0.18666666666666668
1.8999999999999755,4.675591544003694e-22,7,0.18666666666666668
1.9333333333333087,7.668789227960716e-23,7,0.18666666666666668
1.966666666666642,1.2148573223923405e-23,7,0.18666666666666668
1.9999999999999751,1.858702250640962e-24,7,0.18666666666666668
2.0333333333333083,2.746373374735268e-25,7,0.18666666666666668
2.0666666666666416,3.918816283993428e-26,7,0.18666666666666668
2.0999999999999748,5.3997957183596924e-27,7,0.18666666666666668
2.133333333333308,7.1847143174744265e-28,7,0.18666666666666668
2.166666666666641,9.230710407028018e-29,7,0.18666666666666668
2.1999999999999744,1.1450880839205231e-29,7,0.18666666666666668
2.2333333333333076,1.3715336138737675e-30,7,0.18666666666666668
2.266666666666641,1.586077284520689e-31,7,0.18666666666666668
2.299999999999974,1.7708425326091279e-32,7,0.18666666666666668
2.3333333333333073,1.9088044100801647e-33,7,0.18666666666666668
2.3666666666666405,1.98635893066441e-34,7,0.18666666666666668
2.3999999999999737,1.995530957157518e-35,7,0.18666666666666668
2.433333333333307,1.9353252061559148e-36,7,0.18666666666666668
2.46666666666664,1.8119036481631094e-37,7,0.18666666666666668
2.4999999999999734,1.6375456565779235e-38,7,0.18666666666666668
2.5333333333333066,1.4286339525474531e-39,7,0.18666666666666668
2.56666666666664,1.2031238237656174e-40,7,0.18666666666666668
2.599999999999973,9.780353651333617e-42,7,0.18666666666666668
2.633333333333306,7.674448618495771e-43,7,0.18666666666666668
2.6666666666666394,5.812756677258746e-44,7,0.18666666666666668
2.6999999999999726,4.249656103784737e-45,7,0.18666666666666668
2.733333333333306,2.9988644233146603e-46,7,0.18666666666666668
2.766666666666639,2.0426142112378198e-47,7,0.18666666666666668
2.7999999999999723,1.3428816403970137e-48,7,0.18666666666666668
2.8333333333333055,8.521316541617404e-50,7,0.18666666666666668
2.8666666666666387,5.2190231969226653e-51,7,0.18666666666666668
2.899999999999972,3.0851876397136538e-52,7,0.18666666666666668
2.933333333333305,1.7602740067746819e-53,7,0.18666666666666668
2.9666666666666384,9.693532080299609e-55,7,0.18666666666666668
2.9999999999999716,5.1520951446701695e-56,7,0.18666666666666668
3.033333333333305,2.6429132763653395e-57,7,0.18666666666666668
3.066666666666638,1.308508431006698e-58,7,0.18666666666666668
3.0999999999999712,6.252623093933121e-60,7,0.18666666666666668
3.1333333333333044,2.883618426684175e-61,7,0.18666666666666668
3.1666666666666377,1.2835151815375484e-62,7,0.18666666666666668
3.199999999999971,5.513786026374506e-64,7,0.18666666666666668
3.233333333333304,2.2860336948999253e-65,7,0.18666666666666668
3.2666666666666373,9.147394994185528e-67,7,0.18666666666666668
3.2999999999999705,3.532585715107289e-68,7,0.18666666666666668
3.3333333333333037,1.3166397056658174e-69,7,0.18666666666666668
3.366666666666637,4.736076919566634e-71,7,0.18666666666666668
3.39999999999997,1.6441702966179716e-72,7,0.18666666666666668
3.4333333333333034,5.508709631181749e-74,7,0.18666666666666668
3.4666666666666366,1.781258130619785e-75,7,0.18666666666666668
3.49999999999997,5.558744023476478e-77,7,0.18666666666666668
3.533333333333303,1.6741653215630497e-78,7,0.18666666666666668
3.5666666666666362,4.866211034075207e-80,7,0.18666666666666668
3.5999999999999694,1.365065878654787e-81,7,0.18666666666666668
3.6333333333333027,3.695605115582375e-83,7,0.18666666666666668
3.666666666666636,9.655750628526267e-85,7,0.18666666666666668
3.699999999999969,2.434749933908846e-86,7,0.18666666666666668
3.7333333333333023,5.925020798706961e-88,7,0.18666666666666668
3.7666666666666355,1.3915281271635184e-89,7,0.18666666666666668
3.7999999999999687,3.153988697125617e-91,7,0.18666666666666668
3.833333333333302,6.899121408428272e-93,7,0.18666666666666668
3.866666666666635,1.456439563937649e-94,7,0.18666666666666668
3.8999999999999684,2.9672608113800007e-96,7,0.18666666666666668
3.9333333333333016,5.8342243365162956e-98,7,0.18666666666666668
3.966666666666635,1.1070679700911052e-99,7,0.18666666666666668
3.999999999999968,2.0273505015153525e-101,7,0.18666666666666668
4.033333333333301,3.5829969828000044e-103,7,0.18666666666666668
4.0666666666666345,6.111203968870702e-105,7,0.18666666666666668
4.099999999999968,1.005934151709939e-106,7,0.18666666666666668
4.133333333333301,1.5979915851811877e-108,7,0.18666666666666668
4.166666666666634,2.4498603454905288e-110,7,0.18666666666666668
4.199999999999967,3.6246813543021226e-112,7,0.18666666666666668
4.2333333333333005,5.17558901440662e-114,7,0.18666666666666668
4.266666666666634,7.131993955488216e-116,7,0.18666666666666668
4.299999999999967,9.48469113187174e-118,7,0.18666666666666668
4.3333333333333,1.217296241678331e-119,7,0.18666666666666668
4.366666666666633,1.5077525240863732e-121,7,0.18666666666666668
4.399999999999967,1.8022888071719814e-123,7,0.18666666666666668
4.4333333333333,2.0791178161784906e-125,7,0.18666666666666668
4.466666666666633,2.314696589549774e-127,7,0.18666666666666668
4.499999999999966,2.486962145549282e-129,7,0.18666666666666668
4.5333333333332995,2.578720612358749e-131,7,0.18666666666666668
4.566666666666633,2.580472961403726e-133,7,0.18666666666666668
4.599999999999966,2.4920349924758583e-135,7,0.18666666666666668
4.633333333333299,2.3225692245906135e-137,7,0.18666666666666668
4.666666666666632,2.0890210530502465e-139,7,0.18666666666666668
4.6999999999999655,1.8133285653621447e-141,7,0.18666666666666668
4.733333333333299,1.5190415356675069e-143,7,0.18666666666666668
4.766666666666632,1.2280673452107024e-145,7,0.18666666666666668
4.799999999999965,9.581511818000609e-148,7,0.18666666666666668
4.833333333333298,7.214482022015422e-150,7,0.18666666666666668
4.866666666666632,5.242464200640804e-152,7,0.18666666666666668
4.899999999999965,3.6764184732061015e-154,7,0.18666666666666668
4.933333333333298,2.488132500080103e-156,7,0.18666666666666668
4.966666666666631,1.6251038527726276e-158,7,0.18666666666666668
4.9999999999999645,1.0243487262443607e-160,7,0.18666666666666668
-5.0,5.153082655164575e-161,8,0.21333333333333335
-4.966666666666667,1.2440665616050033e-156,8,0.21333333333333335
-4.933333333333334,1.8382904886886497e-154,8,0.21333333333333335
-4.9,2.6213565069313665e-152,8,0.21333333333333335
-4.866666666666667,3.6074248319125056e-150,8,0.21333333333333335
-4.833333333333334,4.791018032185554e-148,8,0.21333333333333335
-4.800000000000001,6.140697450122848e-146,8,0.21333333333333335
-4.7666666666666675,7.595686753889575e-144,8,0.21333333333333335
-4.733333333333334,9.067256860437458e-142,8,0.21333333333333335
-4.700000000000001,1.0445864785966814e-139,8,0.21333333333333335
-4.666666666666668,1.1613752787177655e-137,8,0.21333333333333335
-4.633333333333335,1.2461219472843485e-135,8,0.21333333333333335
-4.600000000000001,1.290352609156711e-133,8,0.21333333333333335
-4.566666666666668,1.289484907922694e-131,8,0.21333333333333335
-4.533333333333335,1.2436100964167024e-129,8,0.21333333333333335
-4.500000000000002,1.1574772307999124e-127,8,0.21333333333333335
-4.466666666666669,1.0396832561915585e-125,8,0.21333333333333335
-4.433333333333335,9.012601384112163e-124,8,0.21333333333333335
-4.400000000000002,7.539802179304812e-122,8,0.21333333333333335
-4.366666666666669,6.087382352766867e-120,8,0.21333333333333335
-4.333333333333336,4.743099442176075e-118,8,0.21333333333333335
-4.3000000000000025,3.566605625848525e-116,8,0.21333333333333335
-4.266666666666669,2.5882687417481333e-114,8,0.21333333333333335
-4.233333333333336,1.8126972768406437e-112,8,0.21333333333333335
-4.200000000000003,1.2251889521905175e-110,8,0.21333333333333335
-4.16666666666667,7.991770266547654e-109,8,0.21333333333333335
-4.133333333333336,5.030895688700276e-107,8,0.21333333333333335
-4.100000000000003,3.0564009802145637e-105,8,0.21333333333333335
-4.06666666666667,1.792001458468115e-103,8,0.21333333333333335
-4.033333333333337,1.013980810951768e-101,8,0.21333333333333335
-4.0000000000000036,5.537131348923475e-100,8,0.21333333333333335
-3.9666666666666703,2.9181258434966295e-98,8,0.21333333333333335
-3.933333333333337,1.4841839396688867e-96,8,0.21333333333333335
-3.900000000000004,7.285114931826474e-95,8,0.21333333333333335
-3.8666666666666707,3.4510443346057015e-93,8,0.21333333333333335
-3.8333333333333375,1.5777225683383645e-91,8,0.21333333333333335
-3.8000000000000043,6.961090196493907e-90,8,0.21333333333333335
-3.766666666666671,2.9640873936902484e-88,8,0.21333333333333335
-3.733333333333338,1.2180707310131922e-86,8,0.21333333333333335
-3.7000000000000046,4.830837824643674e-85,8,0.21333333333333335
-3.6666666666666714,1.8490199327509942e-83,8,0.21333333333333335
-3.633333333333338,6.830157268561988e-82,8,0.21333333333333335
-3.600000000000005,2.434953319586189e-80,8,0.21333333333333335
-3.5666666666666718,8.377651937177089e-79,8,0.21333333333333335
-3.5333333333333385,2.781805117244918e-77,8,0.21333333333333335
-3.5000000000000053,8.914661479674046e-76,8,0.21333333333333335
-3.466666666666672,2.75713418759258e-74,8,0.21333333333333335
-3.433333333333339,8.229757773713246e-73,8,0.21333333333333335
-3.4000000000000057,2.370792814590483e-71,8,0.21333333333333335
-3.3666666666666725,6.591419379788941e-70,8,0.21333333333333335
-3.3333333333333393,1.7686608960072435e-68,8,0.21333333333333335
-3.300000000000006,4.5802806956053374e-67,8,0.21333333333333335
-3.266666666666673,1.144783140303611e-65,8,0.21333333333333335
-3.2333333333333396,2.761466710675004e-64,8,0.21333333333333335
-3.2000000000000064,6.429006076140855e-63,8,0.21333333333333335
-3.166666666666673,1.4445661063505102e-61,8,0.21333333333333335
-3.13333333333334,3.132729122864094e-60,8,0.21333333333333335
-3.1000000000000068,6.556960247145841e-59,8,0.21333333333333335
-3.0666666666666735,1.3245829497254183e-57,8,0.21333333333333335
-3.0333333333333403,2.5825901144820034e-56,8,0.21333333333333335
-3.000000000000007,4.859980606516499e-55,8,0.21333333333333335
-2.966666666666674,8.827130509569651e-54,8,0.21333333333333335
-2.9333333333333407,1.5474405858922897e-52,8,0.21333333333333335
-2.9000000000000075,2.618312968487386e-51,8,0.21333333333333335
-2.8666666666666742,4.276084208994622e-50,8,0.21333333333333335
-2.833333333333341,6.7405033179499375e-49,8,0.21333333333333335
-2.800000000000008,1.0255677638867719e-47,8,0.21333333333333335
-2.7666666666666746,1.50614661985503e-46,8,0.21333333333333335
-2.7333333333333414,2.135041122942575e-45,8,0.21333333333333335
-2.700000000000008,2.921372660737843e-44,8,0.21333333333333335
-2.666666666666675,3.85847258975627e-43,8,0.21333333333333335
-2.6333333333333417,4.919240609039869e-42,8,0.21333333333333335
-2.6000000000000085,6.053991361904457e-41,8,0.21333333333333335
-2.5666666666666753,7.1920715309751e-40,8,0.21333333333333335
-2.533333333333342,8.247884474056643e-39,8,0.21333333333333335
-2.500000000000009,9.130949938419655e-38,8,0.21333333333333335
-2.4666666666666757,9.75850331358402e-37,8,0.21333333333333335
-2.4333333333333425,1.0068249968170934e-35,8,0.21333333333333335
-2.4000000000000092,1.0028560913605425e-34,8,0.21333333333333335
-2.366666666666676,9.643798598235618e-34,8,0.21333333333333335
-2.333333333333343,8.95353060955768e-33,8,0.21333333333333335
-2.3000000000000096,8.025826643088808e-32,8,0.21333333333333335
-2.2666666666666764,6.9462101959834396e-31,8,0.21333333333333335
-2.233333333333343,5.8047442838156094e-30,8,0.21333333333333335
-2.20000000000001,4.683931884197371e-29,8,0.21333333333333335
-2.1666666666666767,3.6496115629253208e-28,8,0.21333333333333335
-2.1333333333333435,2.7460514112091254e-27,8,0.21333333333333335
-2.1000000000000103,1.995331713579897e-26,8,0.21333333333333335
-2.066666666666677,1.4001856659565502e-25,8,0.21333333333333335
-2.033333333333344,9.489452067385277e-25,8,0.21333333333333335
-2.0000000000000107,6.211605280686153e-24,8,0.21333333333333335
-1.9666666666666774,3.927329726504758e-23,8,0.21333333333333335
-1.9333333333333442,2.3985386381168785e-22,8,0.21333333333333335
-1.900000000000011,1.4150717587854802e-21,8,0.21333333333333335
-1.8666666666666778,8.06530376382742e-21,8,0.21333333333333335
-1.8333333333333446,4.4412302666646775e-20,8,0.21333333333333335
-1.8000000000000114,2.362966902575527e-19,8,0.21333333333333335
-1.7666666666666782,1.2148342835039202e-18,8,0.21333333333333335
-1.733333333333345,6.035546526643846e-18,8,0.21333333333333335
-1.7000000000000117,2.897966341293706e-17,8,0.21333333333333335
-1.6666666666666785,1.3448882939782836e-16,8,0.21333333333333335
-1.6333333333333453,6.033040105054888e-16,8,0.21333333333333335
-1.600000000000012,2.6162929635110105e-15,8,0.21333333333333335
-1.5666666666666789,1.0969373784389439e-14,8,0.21333333333333335
-1.5333333333333456,4.447028084106399e-14,8,0.21333333333333335
-1.5000000000000124,1.7434115363625502e-13,8,0.21333333333333335
-1.4666666666666792,6.610336574174453e-13,8,0.21333333333333335
-1.433333333333346,2.4243461697467137e-12,8,0.21333333333333335
-1.4000000000000128,8.601398280052133e-12,8,0.21333333333333335
-1.3666666666666796,2.952602404665858e-11,8,0.21333333333333335
-1.3333333333333464,9.807596984167702e-11,8,0.21333333333333335
-1.3000000000000131,3.152857246968903e-10,8,0.21333333333333335
-1.26666666666668,9.810573471773226e-10,8,0.21333333333333335
-1.2333333333333467,2.955283449094978e-09,8,0.21333333333333335
-1.2000000000000135,8.619590651850752e-09,8,0.21333333333333335
-1.1666666666666803,2.4345946804732546e-08,8,0.21333333333333335
-1.133333333333347,6.660249216075767e-08,8,0.21333333333333335
-1.1000000000000139,1.7650236103036127e-07,8,0.21333333333333335
-1.0666666666666806,4.53189619562611e-07,8,0.21333333333333335
-1.0333333333333474,1.1275918319472305e-06,8,0.21333333333333335
-1.0000000000000142,2.719182094468855e-06,8,0.21333333333333335
-0.966666666666681,6.356347858259039e-06,8,0.21333333333333335
-0.9333333333333478,1.4405295038429303e-05,8,0.21333333333333335
-0.9000000000000146,3.16542987957239e-05,8,0.21333333333333335
-0.8666666666666814,6.744846589771991e-05,8,0.21333333333333335
-0.8333333333333481,0.0001393624603354088,8,0.21333333333333335
-0.8000000000000149,0.000279203489367613,8,0.21333333333333335
-0.7666666666666817,0.0005422673108445587,8,0.21333333333333335
-0.7333333333333485,0.0010206540682921913,8,0.21333333333333335
-0.7000000000000153,0.0018608246394744448,8,0.21333333333333335
-0.6666666666666821,0.0032841585556714643,8,0.21333333333333335
-0.6333333333333488,0.005606979002371008,8,0.21333333333333335
-0.6000000000000156,0.009253820815478405,8,0.21333333333333335
-0.5666666666666824,0.014755951416054238,8,0.21333333333333335
-0.5333333333333492,0.022728162362655218,8,0.21333333333333335
-0.500000000000016,0.0338218269329331,8,0.21333333333333335
-0.4666666666666828,0.04866020576884808,8,0.21333333333333335
-0.43333333333334956,0.06776949046389641,8,0.21333333333333335
-0.40000000000001634,0.09152190121873027,8,0.21333333333333335
-0.3666666666666831,0.12010341184202722,8,0.21333333333333335
-0.3333333333333499,0.15351032049216062,8,0.21333333333333335
-0.3000000000000167,0.19157021795248053,8,0.21333333333333335
-0.2666666666666835,0.23397761532082798,8,0.21333333333333335
-0.23333333333335027,0.28033368109679774,8,0.21333333333333335
-0.20000000000001705,0.3301818633782731,8,0.21333333333333335
-0.16666666666668384,0.3830345359455202,8,0.21333333333333335
-0.13333333333335062,0.43838863804100375,8,0.21333333333333335
-0.10000000000001741,0.4957297393716552,8,0.21333333333333335
-0.0666666666666842,0.5545235655033478,8,0.21333333333333335
-0.03333333333335098,0.6141918487277007,8,0.21333333333333335
-1.7763568394002505e-14,0.6740645316555283,8,0.21333333333333335
0.03333333333331545,0.7332855121403826,8,0.21333333333333335
0.06666666666664867,0.7906201210660826,8,0.21333333333333335
0.09999999999998188,0.8440356828498752,8,0.21333333333333335
0.1333333333333151,0.8897120396040955,8,0.21333333333333335
0.1666666666666483,0.9198922546099618,8,0.21333333333333335
0.19999999999998153,0.9195175564373566,8,0.21333333333333335
0.23333333333331474,0.8671715167262681,8,0.21333333333333335
0.26666666666664796,0.7513790325389573,8,0.21333333333333335
0.29999999999998117,0.5908090911976193,8,0.21333333333333335
0.3333333333333144,0.4258111758120047,8,0.21333333333333335
0.3666666666666476,0.28834319641262246,8,0.21333333333333335
0.3999999999999808,0.18809435682393671,8,0.21333333333333335
0.43333333333331403,0.12016445656763297,8,0.21333333333333335
0.46666666666664725,0.07574703222320096,8,0.21333333333333335
0.49999999999998046,0.04718990252709343,8,0.21333333333333335
0.5333333333333137,0.029017938024251996,8,0.21333333333333335
0.5666666666666469,0.01757009960842322,8,0.21333333333333335
0.5999999999999801,0.01044791830738151,8,0.21333333333333335
0.6333333333333133,0.00608638367409847,8,0.21333333333333335
0.6666666666666465,0.003465933865284421,8,0.21333333333333335
0.6999999999999797,0.001925827368558889,8,0.21333333333333335
0.733333333333313,0.0010425533708067897,8,0.21333333333333335
0.7666666666666462,0.0005492121314817809,8,0.21333333333333335
0.7999999999999794,0.0002812750884182661,8,0.21333333333333335
0.8333333333333126,0.0001399433217591723,8,0.21333333333333335
0.8666666666666458,6.760146297992223e-05,8,0.21333333333333335
0.899999999999979,3.169213152074543e-05,8,0.21333333333333335
0.9333333333333123,1.4414072398241017e-05,8,0.21333333333333335
0.9666666666666455,6.358257355354365e-06,8,0.21333333333333335
0.9999999999999787,2.719571400111165e-06,8,0.21333333333333335
1.033333333333312,1.1276661764784425e-06,8,0.21333333333333335
1.0666666666666451,4.532029111671718e-07,8,0.21333333333333335
1.0999999999999783,1.7650458471580754e-07,8,0.21333333333333335
1.1333333333333115,6.660284013631339e-08,8,0.21333333333333335
1.1666666666666448,2.434599771786497e-08,8,0.21333333333333335
1.199999999999978,8.619597614218922e-09,8,0.21333333333333335
1.2333333333333112,2.9552843386738393e-09,8,0.21333333333333335
1.2666666666666444,9.810574533420458e-10,8,0.21333333333333335
1.2999999999999776,3.1528573652805067e-10,8,0.21333333333333335
1.3333333333333108,9.807597107259645e-11,8,0.21333333333333335
1.366666666666644,2.95260241662042e-11,8,0.21333333333333335
1.3999999999999773,8.601398290891616e-12,8,0.21333333333333335
1.4333333333333105,2.4243461706653386e-12,8,0.21333333333333335
1.4666666666666437,6.61033657490547e-13,8,0.21333333333333335
1.499999999999977,1.7434115364181378e-13,8,0.21333333333333335
1.5333333333333101,4.447028084149367e-14,8,0.21333333333333335
1.5666666666666433,1.0969373784429282e-14,8,0.21333333333333335
1.5999999999999766,2.6162929635164445e-15,8,0.21333333333333335
1.6333333333333098,6.033040105065205e-16,8,0.21333333333333335
1.666666666666643,1.3448882939805005e-16,8,0.21333333333333335
1.6999999999999762,2.8979663412985276e-17,8,0.21333333333333335
1.7333333333333094,6.0355465266540635e-18,8,0.21333333333333335
1.7666666666666426,1.2148342835060181e-18,8,0.21333333333333335
1.7999999999999758,2.3629669025796888e-19,8,0.21333333333333335
1.833333333333309,4.441230266672677e-20,8,0.21333333333333335
1.8666666666666423,8.065303763842236e-21,8,0.21333333333333335
1.8999999999999755,1.4150717587881282e-21,8,0.21333333333333335
1.9333333333333087,2.398538638121464e-22,8,0.21333333333333335
1.966666666666642,3.9273297265124065e-23,8,0.21333333333333335
1.9999999999999751,6.2116052806984664e-24,8,0.21333333333333335
2.0333333333333083,9.489452067404482e-25,8,0.21333333333333335
2.0666666666666416,1.4001856659594325e-25,8,0.21333333333333335
2.0999999999999748,1.995331713584086e-26,8,0.21333333333333335
2.133333333333308,2.7460514112149863e-27,8,0.21333333333333335
2.166666666666641,3.6496115629332393e-28,8,0.21333333333333335
2.1999999999999744,4.6839318842076973e-29,8,0.21333333333333335
2.2333333333333076,5.80474428382865e-30,8,0.21333333333333335
2.266666666666641,6.9462101959992935e-31,8,0.21333333333333335
2.299999999999974,8.025826643107453e-32,8,0.21333333333333335
2.3333333333333073,8.953530609578859e-33,8,0.21333333333333335
2.3666666666666405,9.643798598258699e-34,8,0.21333333333333335
2.3999999999999737,1.0028560913629846e-34,8,0.21333333333333335
2.433333333333307,1.0068249968195745e-35,8,0.21333333333333335
2.46666666666664,9.75850331360847e-37,8,0.21333333333333335
2.4999999999999734,9.13094993844292e-38,8,0.21333333333333335
2.5333333333333066,8.247884474077898e-39,8,0.21333333333333335
2.56666666666664,7.192071530993934e-40,8,0.21333333333333335
2.599999999999973,6.053991361920566e-41,8,0.21333333333333335
2.633333333333306,4.919240609053102e-42,8,0.21333333333333335
2.6666666666666394,3.8584725897668095e-43,8,0.21333333333333335
2.6999999999999726,2.921372660745947e-44,8,0.21333333333333335
2.733333333333306,2.1350411229485576e-45,8,0.21333333333333335
2.766666666666639,1.5061466198593152e-46,8,0.21333333333333335
2.7999999999999723,1.0255677638897186e-47,8,0.21333333333333335
2.8333333333333055,6.7405033179696815e-49,8,0.21333333333333335
2.8666666666666387,4.2760842090072703e-50,8,0.21333333333333335
2.899999999999972,2.6183129684952062e-51,8,0.21333333333333335
2.933333333333305,1.5474405858969767e-52,8,0.21333333333333335
2.9666666666666384,8.82713050959676e-54,8,0.21333333333333335
2.9999999999999716,4.859980606531631e-55,8,0.21333333333333335
3.033333333333305,2.582590114490118e-56,8,0.21333333333333335
3.066666666666638,1.3245829497296362e-57,8,0.21333333333333335
3.0999999999999712,6.556960247166911e-59,8,0.21333333333333335
3.1333333333333044,3.132729122874248e-60,8,0.21333333333333335
3.1666666666666377,1.4445661063552748e-61,8,0.21333333333333335
3.199999999999971,6.429006076162242e-63,8,0.21333333333333335
3.233333333333304,2.761466710684346e-64,8,0.21333333333333335
3.2666666666666373,1.1447831403075162e-65,8,0.21333333333333335
3.2999999999999705,4.5802806956210934e-67,8,0.21333333333333335
3.3333333333333037,1.7686608960134278e-68,8,0.21333333333333335
3.366666666666637,6.591419379812177e-70,8,0.21333333333333335
3.39999999999997,2.370792814598908e-71,8,0.21333333333333335
3.4333333333333034,8.229757773742957e-73,8,0.21333333333333335
3.4666666666666366,2.7571341876026128e-74,8,0.21333333333333335
3.49999999999997,8.914661479706741e-76,8,0.21333333333333335
3.533333333333303,2.7818051172552766e-77,8,0.21333333333333335
3.5666666666666362,8.377651937208522e-79,8,0.21333333333333335
3.5999999999999694,2.4349533195953945e-80,8,0.21333333333333335
3.6333333333333027,6.830157268588197e-82,8,0.21333333333333335
3.666666666666636,1.849019932758142e-83,8,0.21333333333333335
3.699999999999969,4.8308378246624866e-85,8,0.21333333333333335
3.7333333333333023,1.2180707310180049e-86,8,0.21333333333333335
3.7666666666666355,2.964087393702043e-88,8,0.21333333333333335
3.7999999999999687,6.961090196521806e-90,8,0.21333333333333335
3.833333333333302,1.5777225683447772e-91,8,0.21333333333333335
3.866666666666635,3.451044334619826e-93,8,0.21333333333333335
3.8999999999999684,7.285114931856503e-95,8,0.21333333333333335
3.9333333333333016,1.484183939675046e-96,8,0.21333333333333335
3.966666666666635,2.9181258435089055e-98,8,0.21333333333333335
3.999999999999968,5.537131348946926e-100,8,0.21333333333333335
4.033333333333301,1.0139808109561198e-101,8,0.21333333333333335
4.0666666666666345,1.7920014584758573e-103,8,0.21333333333333335
4.099999999999968,3.0564009802279416e-105,8,0.21333333333333335
4.133333333333301,5.03089568872244e-107,8,0.21333333333333335
4.166666666666634,7.991770266583089e-109,8,0.21333333333333335
4.199999999999967,1.2251889521959847e-110,8,0.21333333333333335
4.2333333333333005,1.8126972768488357e-112,8,0.21333333333333335
4.266666666666634,2.5882687417599035e-114,8,0.21333333333333335
4.299999999999967,3.566605625864947e-116,8,0.21333333333333335
4.3333333333333,4.743099442197913e-118,8,0.21333333333333335
4.366666666666633,6.087382352795241e-120,8,0.21333333333333335
4.399999999999967,7.539802179339955e-122,8,0.21333333333333335
4.4333333333333,9.012601384154682e-124,8,0.21333333333333335
4.466666666666633,1.0396832561965227e-125,8,0.21333333333333335
4.499999999999966,1.157477230805505e-127,8,0.21333333333333335
4.5333333333332995,1.2436100964227112e-129,8,0.21333333333333335
4.566666666666633,1.2894849079289982e-131,8,0.21333333333333335
4.599999999999966,1.2903526091630925e-133,8,0.21333333333333335
4.633333333333299,1.2461219472905816e-135,8,0.21333333333333335
4.666666666666632,1.161375278723575e-137,8,0.21333333333333335
4.6999999999999655,1.0445864786019067e-139,8,0.21333333333333335
4.733333333333299,9.067256860483328e-142,8,0.21333333333333335
4.766666666666632,7.595686753928435e-144,8,0.21333333333333335
4.799999999999965,6.140697450154613e-146,8,0.21333333333333335
4.833333333333298,4.791018032210337e-148,8,0.21333333333333335
4.866666666666632,3.6074248319313713e-150,8,0.21333333333333335
4.899999999999965,2.621356506945406e-152,8,0.21333333333333335
4.933333333333298,1.8382904917956894e-154,8,0.21333333333333335
4.966666666666631,1.2441174674763637e-156,8,0.21333333333333335
4.9999999999999645,8.125832654102566e-159,8,0.21333333333333335
-5.0,4.088681740327106e-159,9,0.24000000000000002
-4.966666666666667,9.191455019984576e-155,9,0.24000000000000002
-4.933333333333334,1.3107404567937635e-152,9,0.24000000000000002
-4.9,1.8038043304806872e-150,9,0.24000000000000002
-4.866666666666667,2.3956400839181233e-148,9,0.24000000000000002
-4.833333333333334,3.0705290963030197e-146,9,0.24000000000000002
-4.800000000000001,3.7980829278463963e-144,9,0.24000000000000002
-4.7666666666666675,4.533935465091235e-142,9,0.24000000000000002
-4.733333333333334,5.223312177321102e-140,9,0.24000000000000002
-4.700000000000001,5.807329756431849e-138,9,0.24000000000000002
-4.666666666666668,6.231132029661041e-136,9,0.24000000000000002
-4.633333333333335,6.452343733422915e-134,9,0.24000000000000002
-4.600000000000001,6.448047600587113e-132,9,0.24000000000000002
-4.566666666666668,6.21869565838809e-130,9,0.24000000000000002
-4.533333333333335,5.788030896453524e-128,9,0.24000000000000002
-4.500000000000002,5.199038086006001e-126,9,0.24000000000000002
-4.466666666666669,4.506879430671481e-124,9,0.24000000000000002
-4.433333333333335,3.7704209312805015e-122,9,0.24000000000000002
-4.400000000000002,3.044141806452639e-120,9,0.24000000000000002
-4.366666666666669,2.3719267111970025e-118,9,0.24000000000000002
-4.333333333333336,1.783607182041901e-116,9,0.24000000000000002
-4.3000000000000025,1.2943715258461754e-114,9,0.24000000000000002
-4.266666666666669,9.065269687016143e-113,9,0.24000000000000002
-4.233333333333336,6.127238895323461e-111,9,0.24000000000000002
-4.200000000000003,3.9967914819122474e-109,9,0.24000000000000002
-4.16666666666667,2.5160604388262335e-107,9,0.24000000000000002
-4.133333333333336,1.5286000786206092e-105,9,0.24000000000000002
-4.100000000000003,8.962522740184926e-104,9,0.24000000000000002
-4.06666666666667,5.071432255248947e-102,9,0.24000000000000002
-4.033333333333337,2.7694616751909717e-100,9,0.24000000000000002
-4.0000000000000036,1.4595699121537906e-98,9,0.24000000000000002
-3.9666666666666703,7.423688264018895e-97,9,0.24000000000000002
-3.933333333333337,3.644016528834985e-95,9,0.24000000000000002
-3.900000000000004,1.7262642592726851e-93,9,0.24000000000000002
-3.8666666666666707,7.892255399157736e-92,9,0.24000000000000002
-3.8333333333333375,3.482270620414256e-90,9,0.24000000000000002
-3.8000000000000043,1.4828325581292934e-88,9,0.24000000000000002
-3.766666666666671,6.093834200164208e-87,9,0.24000000000000002
-3.733333333333338,2.416900956018682e-85,9,0.24000000000000002
-3.7000000000000046,9.251190017410037e-84,9,0.24000000000000002
-3.6666666666666714,3.417494053193316e-82,9,0.24000000000000002
-3.633333333333338,1.2184011697594699e-80,9,0.24000000000000002
-3.600000000000005,4.1922410472228253e-79,9,0.24000000000000002
-3.5666666666666718,1.3921200352822521e-77,9,0.24000000000000002
-3.5333333333333385,4.4615195658056115e-76,9,0.24000000000000002
-3.5000000000000053,1.3799579963549125e-74,9,0.24000000000000002
-3.466666666666672,4.11933621759646e-73,9,0.24000000000000002
-3.433333333333339,1.1867749743890377e-71,9,0.24000000000000002
-3.4000000000000057,3.299824568781327e-70,9,0.24000000000000002
-3.3666666666666725,8.85515844410917e-69,9,0.24000000000000002
-3.3333333333333393,2.293436057492563e-67,9,0.24000000000000002
-3.300000000000006,5.732759005998091e-66,9,0.24000000000000002
-3.266666666666673,1.3830234956853047e-64,9,0.24000000000000002
-3.2333333333333396,3.2202269537719454e-63,9,0.24000000000000002
-3.2000000000000064,7.236637865305926e-62,9,0.24000000000000002
-3.166666666666673,1.5695790644701177e-60,9,0.24000000000000002
-3.13333333333334,3.285702954104673e-59,9,0.24000000000000002
-3.1000000000000068,6.638578394241411e-58,9,0.24000000000000002
-3.0666666666666735,1.2945735373645747e-56,9,0.24000000000000002
-3.0333333333333403,2.4366132180068766e-55,9,0.24000000000000002
-3.000000000000007,4.426478205357235e-54,9,0.24000000000000002
-2.966666666666674,7.761502832494031e-53,9,0.24000000000000002
-2.9333333333333407,1.3135700494984778e-51,9,0.24000000000000002
-2.9000000000000075,2.1457793074267725e-50,9,0.24000000000000002
-2.8666666666666742,3.383343223817406e-49,9,0.24000000000000002
-2.833333333333341,5.1492192404788325e-48,9,0.24000000000000002
-2.800000000000008,7.5644356158649e-47,9,0.24000000000000002
-2.7666666666666746,1.0726484002907215e-45,9,0.24000000000000002
-2.7333333333333414,1.4682170634681966e-44,9,0.24000000000000002
-2.700000000000008,1.9399115004928482e-43,9,0.24000000000000002
-2.666666666666675,2.474227167823624e-42,9,0.24000000000000002
-2.6333333333333417,3.04628804390101e-41,9,0.24000000000000002
-2.6000000000000085,3.6206319685327494e-40,9,0.24000000000000002
-2.5666666666666753,4.154212193837844e-39,9,0.24000000000000002
-2.533333333333342,4.601435326864703e-38,9,0.24000000000000002
-2.500000000000009,4.920491079162293e-37,9,0.24000000000000002
-2.4666666666666757,5.0797797337775654e-36,9,0.24000000000000002
-2.4333333333333425,5.063072973370633e-35,9,0.24000000000000002
-2.4000000000000092,4.872240548958664e-34,9,0.24000000000000002
-2.366666666666676,4.526908109346867e-33,9,0.24000000000000002
-2.333333333333343,4.061132314535582e-32,9,0.24000000000000002
-2.3000000000000096,3.517872751039508e-31,9,0.24000000000000002
-2.2666666666666764,2.9425012751232486e-30,9,0.24000000000000002
-2.233333333333343,2.3766969930786027e-29,9,0.24000000000000002
-2.20000000000001,1.8538295028817384e-28,9,0.24000000000000002
-2.1666666666666767,1.3964453650255496e-27,9,0.24000000000000002
-2.1333333333333435,1.0159139146045752e-26,9,0.24000000000000002
-2.1000000000000103,7.138230900343208e-26,9,0.24000000000000002
-2.066666666666677,4.844492619371634e-25,9,0.24000000000000002
-2.033333333333344,3.175811923640904e-24,9,0.24000000000000002
-2.0000000000000107,2.0111121235893055e-23,9,0.24000000000000002
-1.9666666666666774,1.23032734546187e-22,9,0.24000000000000002
-1.9333333333333442,7.271725280252639e-22,9,0.24000000000000002
-1.900000000000011,4.152578813819554e-21,9,0.24000000000000002
-1.8666666666666778,2.2913687212716126e-20,9,0.24000000000000002
-1.8333333333333446,1.2218099701069005e-19,9,0.24000000000000002
-1.8000000000000114,6.296232930852835e-19,9,0.24000000000000002
-1.7666666666666782,3.1359216084506993e-18,9,0.24000000000000002
-1.733333333333345,1.5097248848220493e-17,9,0.24000000000000002
-1.7000000000000117,7.02621879622361e-17,9,0.24000000000000002
-1.6666666666666785,3.161418369592129e-16,9,0.24000000000000002
-1.6333333333333453,1.375390896454418e-15,9,0.24000000000000002
-1.600000000000012,5.78633889744744e-15,9,0.24000000000000002
-1.5666666666666789,2.3543286902287105e-14,9,0.24000000000000002
-1.5333333333333456,9.265526371031618e-14,9,0.24000000000000002
-1.5000000000000124,3.5275196912916766e-13,9,0.24000000000000002
-1.4666666666666792,1.2993436616903149e-12,9,0.24000000000000002
-1.433333333333346,4.63121596872008e-12,9,0.24000000000000002
-1.4000000000000128,1.5975185108029467e-11,9,0.24000000000000002
-1.3666666666666796,5.3338684058955595e-11,9,0.24000000000000002
-1.3333333333333464,1.724058743520678e-10,9,0.24000000000000002
-1.3000000000000131,5.395666583189288e-10,9,0.24000000000000002
-1.26666666666668,1.6352845851690751e-09,9,0.24000000000000002
-1.2333333333333467,4.8003239848470635e-09,9,0.24000000000000002
-1.2000000000000135,1.3650615010115478e-08,9,0.24000000000000002
-1.1666666666666803,3.7611040533985284e-08,9,0.24000000000000002
-1.133333333333347,1.0042414780547524e-07,9,0.24000000000000002
-1.1000000000000139,2.5989601567269646e-07,9,0.24000000000000002
-1.0666666666666806,6.520468484267446e-07,9,0.24000000000000002
-1.0333333333333474,1.5861844193016467e-06,9,0.24000000000000002
-1.0000000000000142,3.741962018764184e-06,9,0.24000000000000002
-0.966666666666681,8.562198542734303e-06,9,0.24000000000000002
-0.9333333333333478,1.900513100869664e-05,9,0.24000000000000002
-0.9000000000000146,4.092601211146924e-05,9,0.24000000000000002
-0.8666666666666814,8.550469558542265e-05,9,0.24000000000000002
-0.8333333333333481,0.00017331129657408183,9,0.24000000000000002
-0.8000000000000149,0.00034075995920177177,9,0.24000000000000002
-0.7666666666666817,0.000649736022802173,9,0.24000000000000002
-0.7333333333333485,0.001200912252259009,9,0.24000000000000002
-0.7000000000000153,0.002150457519443494,9,0.24000000000000002
-0.6666666666666821,0.0037283067118838954,9,0.24000000000000002
-0.6333333333333488,0.0062540201851216965,9,0.24000000000000002
-0.6000000000000156,0.010144205231480638,9,0.24000000000000002
-0.5666666666666824,0.015904804356127164,9,0.24000000000000002
-0.5333333333333492,0.024103653599516002,9,0.24000000000000002
-0.500000000000016,0.03532393481353497,9,0.24000000000000002
-0.4666666666666828,0.050105901126283776,9,0.24000000000000002
-0.43333333333334956,0.0688893649383443,9,0.24000000000000002
-0.40000000000001634,0.09197002601328992,9,0.24000000000000002
-0.3666666666666831,0.11947827883646248,9,0.24000000000000002
-0.3333333333333499,0.15138195112320083,9,0.24000000000000002
-0.3000000000000167,0.18750794671177118,9,0.24000000000000002
-0.2666666666666835,0.2275743846544551,9,0.24000000000000002
-0.23333333333335027,0.2712248316630051,9,0.24000000000000002
-0.20000000000001705,0.3180584119272152,9,0.24000000000000002
-0.16666666666668384,0.3676523436977389,9,0.24000000000000002
-0.13333333333335062,0.4195756339044899,9,0.24000000000000002
-0.10000000000001741,0.4733937444251559,9,0.24000000000000002
-0.0666666666666842,0.5286640635404656,9,0.24000000000000002
-0.03333333333335098,0.5849207269519499,9,0.24000000000000002
-1.7763568394002505e-14,0.6416434773797552,9,0.24000000000000002
0.03333333333331545,0.6981988897610933,9,0.24000000000000002
0.06666666666664867,0.7537228791733545,9,0.24000000000000002
0.09999999999998188,0.8068646128187025,9,0.24000000000000002
0.1333333333333151,0.8552028634964098,9,0.24000000000000002
0.1666666666666483,0.8938297933847165,9,0.24000000000000002
0.19999999999998153,0.9123749498021274,9,0.24000000000000002
0.23333333333331474,0.8916367116996264,9,0.24000000000000002
0.26666666666664796,0.8095765153978596,9,0.24000000000000002
0.29999999999998117,0.6652461627940365,9,0.24000000000000002
0.3333333333333144,0.49275886046998263,9,0.24000000000000002
0.3666666666666476,0.33613990039344904,9,0.24000000000000002
0.3999999999999808,0.21799428694917844,9,0.24000000000000002
0.43333333333331403,0.1378490693592464,9,0.24000000000000002
0.46666666666664725,0.0861197014916988,9,0.24000000000000002
0.49999999999998046,0.053361599556415146,9,0.24000000000000002
0.5333333333333137,0.03276363676781166,9,0.24000000000000002
0.5666666666666469,0.019879504511861077,9,0.24000000000000002
0.5999999999999801,0.011882574508065161,9,0.24000000000000002
0.6333333333333133,0.006976355346212804,9,0.24000000000000002
0.6666666666666465,0.004012772572363647,9,0.24000000000000002
0.6999999999999797,0.0022564287740511144,9,0.24000000000000002
0.733333333333313,0.0012382011854379597,9,0.24000000000000002
0.7666666666666462,0.0006621157899836511,9,0.24000000000000002
0.7999999999999794,0.0003446341365868889,9,0.24000000000000002
0.8333333333333126,0.0001744531848426077,9,0.24000000000000002
0.8666666666666458,8.58214425883798e-05,9,0.24000000000000002
0.899999999999979,4.100864012754441e-05,9,0.24000000000000002
0.9333333333333123,1.9025387230802645e-05,9,0.24000000000000002
0.9666666666666455,8.566861973058991e-06,9,0.24000000000000002
0.9999999999999787,3.742969597077522e-06,9,0.24000000000000002
1.033333333333312,1.5863885937743126e-06,9,0.24000000000000002
1.0666666666666451,6.520856286925524e-07,9,0.24000000000000002
1.0999999999999783,2.599029158431307e-07,9,0.24000000000000002
1.1333333333333115,1.0042529732906442e-07,9,0.24000000000000002
1.1666666666666448,3.761121974759433e-08,9,0.24000000000000002
1.199999999999978,1.3650641145068184e-08,9,0.24000000000000002
1.2333333333333112,4.800327548447481e-09,9,0.24000000000000002
1.2666666666666444,1.635285039327805e-09,9,0.24000000000000002
1.2999999999999776,5.39566712397892e-10,9,0.24000000000000002
1.3333333333333108,1.724058803668341e-10,9,0.24000000000000002
1.366666666666644,5.333868468365302e-11,9,0.24000000000000002
1.3999999999999773,1.597518516860795e-11,9,0.24000000000000002
1.4333333333333105,4.6312159742057905e-12,9,0.24000000000000002
1.4666666666666437,1.2993436621547457e-12,9,0.24000000000000002
1.499999999999977,3.5275196916610735e-13,9,0.24000000000000002
1.5333333333333101,9.265526371312759e-14,9,0.24000000000000002
1.5666666666666433,2.3543286902505452e-14,9,0.24000000000000002
1.5999999999999766,5.786338897467925e-15,9,0.24000000000000002
1.6333333333333098,1.3753908964572486e-15,9,0.24000000000000002
1.666666666666643,3.1614183695975296e-16,9,0.24000000000000002
1.6999999999999762,7.026218796235206e-17,9,0.24000000000000002
1.7333333333333094,1.5097248848245647e-17,9,0.24000000000000002
1.7666666666666426,3.135921608456016e-18,9,0.24000000000000002
1.7999999999999758,6.296232930863724e-19,9,0.24000000000000002
1.833333333333309,1.2218099701090556e-19,9,0.24000000000000002
1.8666666666666423,2.2913687212757447e-20,9,0.24000000000000002
1.8999999999999755,4.1525788138271915e-21,9,0.24000000000000002
1.9333333333333087,7.271725280266261e-22,9,0.24000000000000002
1.966666666666642,1.2303273454642242e-22,9,0.24000000000000002
1.9999999999999751,2.0111121235932258e-23,9,0.24000000000000002
2.0333333333333083,3.1758119236472046e-24,9,0.24000000000000002
2.0666666666666416,4.8444926193814455e-25,9,0.24000000000000002
2.0999999999999748,7.138230900357912e-26,9,0.24000000000000002
2.133333333333308,1.0159139146067093e-26,9,0.24000000000000002
2.166666666666641,1.3964453650285317e-27,9,0.24000000000000002
2.1999999999999744,1.853829502885763e-28,9,0.24000000000000002
2.2333333333333076,2.3766969930838452e-29,9,0.24000000000000002
2.266666666666641,2.942501275129862e-30,9,0.24000000000000002
2.299999999999974,3.517872751047541e-31,9,0.24000000000000002
2.3333333333333073,4.0611323145450196e-32,9,0.24000000000000002
2.3666666666666405,4.526908109357579e-33,9,0.24000000000000002
2.3999999999999737,4.872240548970329e-34,9,0.24000000000000002
2.433333333333307,5.063072973382965e-35,9,0.24000000000000002
2.46666666666664,5.079779733790087e-36,9,0.24000000000000002
2.4999999999999734,4.920491079174625e-37,9,0.24000000000000002
2.5333333333333066,4.6014353268764293e-38,9,0.24000000000000002
2.56666666666664,4.154212193848552e-39,9,0.24000000000000002
2.599999999999973,3.6206319685422323e-40,9,0.24000000000000002
2.633333333333306,3.046288043909117e-41,9,0.24000000000000002
2.6666666666666394,2.4742271678302808e-42,9,0.24000000000000002
2.6999999999999726,1.9399115004981477e-43,9,0.24000000000000002
2.733333333333306,1.46821706347227e-44,9,0.24000000000000002
2.766666666666639,1.0726484002937273e-45,9,0.24000000000000002
2.7999999999999723,7.564435615886424e-47,9,0.24000000000000002
2.8333333333333055,5.14921924049363e-48,9,0.24000000000000002
2.8666666666666387,3.383343223827317e-49,9,0.24000000000000002
2.899999999999972,2.1457793074331203e-50,9,0.24000000000000002
2.933333333333305,1.3135700495024014e-51,9,0.24000000000000002
2.9666666666666384,7.761502832517542e-53,9,0.24000000000000002
2.9999999999999716,4.4264782053708304e-54,9,0.24000000000000002
3.033333333333305,2.4366132180144638e-55,9,0.24000000000000002
3.066666666666638,1.2945735373686425e-56,9,0.24000000000000002
3.0999999999999712,6.638578394262552e-58,9,0.24000000000000002
3.1333333333333044,3.285702954115232e-59,9,0.24000000000000002
3.1666666666666377,1.5695790644752051e-60,9,0.24000000000000002
3.199999999999971,7.236637865329796e-62,9,0.24000000000000002
3.233333333333304,3.2202269537826586e-63,9,0.24000000000000002
3.2666666666666373,1.3830234956899834e-64,9,0.24000000000000002
3.2999999999999705,5.732759006017648e-66,9,0.24000000000000002
3.3333333333333037,2.2934360575004527e-67,9,0.24000000000000002
3.366666666666637,8.855158444140134e-69,9,0.24000000000000002
3.39999999999997,3.29982456879296e-70,9,0.24000000000000002
3.4333333333333034,1.1867749743932553e-71,9,0.24000000000000002
3.4666666666666366,4.119336217611332e-73,9,0.24000000000000002
3.49999999999997,1.379957996359934e-74,9,0.24000000000000002
3.533333333333303,4.461519565821975e-76,9,0.24000000000000002
3.5666666666666362,1.392120035287436e-77,9,0.24000000000000002
3.5999999999999694,4.192241047238555e-79,9,0.24000000000000002
3.6333333333333027,1.2184011697640762e-80,9,0.24000000000000002
3.666666666666636,3.4174940532064297e-82,9,0.24000000000000002
3.699999999999969,9.2511900174458e-84,9,0.24000000000000002
3.7333333333333023,2.4169009560280943e-85,9,0.24000000000000002
3.7666666666666355,6.093834200188285e-87,9,0.24000000000000002
3.7999999999999687,1.482832558135194e-88,9,0.24000000000000002
3.833333333333302,3.4822706204282125e-90,9,0.24000000000000002
3.866666666666635,7.892255399189815e-92,9,0.24000000000000002
3.8999999999999684,1.7262642592797506e-93,9,0.24000000000000002
3.9333333333333016,3.6440165288500065e-95,9,0.24000000000000002
3.966666666666635,7.423688264049703e-97,9,0.24000000000000002
3.999999999999968,1.4595699121599308e-98,9,0.24000000000000002
4.033333333333301,2.7694616752027005e-100,9,0.24000000000000002
4.0666666666666345,5.071432255270713e-102,9,0.24000000000000002
4.099999999999968,8.962522740223648e-104,9,0.24000000000000002
4.133333333333301,1.5286000786272999e-105,9,0.24000000000000002
4.166666666666634,2.5160604388373182e-107,9,0.24000000000000002
4.199999999999967,3.996791481929969e-109,9,0.24000000000000002
4.2333333333333005,6.127238895350803e-111,9,0.24000000000000002
4.266666666666634,9.065269687057111e-113,9,0.24000000000000002
4.299999999999967,1.2943715258520616e-114,9,0.24000000000000002
4.3333333333333,1.7836071820501134e-116,9,0.24000000000000002
4.366666666666633,2.3719267112079236e-118,9,0.24000000000000002
4.399999999999967,3.0441418064668283e-120,9,0.24000000000000002
4.4333333333333,3.770420931298076e-122,9,0.24000000000000002
4.466666666666633,4.506879430692744e-124,9,0.24000000000000002
4.499999999999966,5.199038086030825e-126,9,0.24000000000000002
4.5333333333332995,5.78803089648149e-128,9,0.24000000000000002
4.566666666666633,6.218695658418137e-130,9,0.24000000000000002
4.599999999999966,6.448047600618636e-132,9,0.24000000000000002
4.633333333333299,6.452343733454825e-134,9,0.24000000000000002
4.666666666666632,6.231132029692209e-136,9,0.24000000000000002
4.6999999999999655,5.807329756460899e-138,9,0.24000000000000002
4.733333333333299,5.22331217734723e-140,9,0.24000000000000002
4.766666666666632,4.533935465114172e-142,9,0.24000000000000002
4.799999999999965,3.798082927865828e-144,9,0.24000000000000002
4.833333333333298,3.070529096318903e-146,9,0.24000000000000002
4.866666666666632,2.3956400839305156e-148,9,0.24000000000000002
4.899999999999965,1.8038043304902756e-150,9,0.24000000000000002
4.933333333333298,1.3107404593460768e-152,9,0.24000000000000002
4.966666666666631,9.191858750611153e-155,9,0.24000000000000002
4.9999999999999645,6.220844991514577e-157,9,0.24000000000000002
-5.0,3.130865904458924e-157,10,0.26666666666666666
-4.966666666666667,6.553704328309688e-153,10,0.26666666666666666
-4.933333333333334,9.019481225154436e-151,10,0.26666666666666666
-4.9,1.1978855789819014e-148,10,0.26666666666666666
-4.866666666666667,1.535354738368034e-146,10,0.26666666666666666
-4.833333333333334,1.899161245927394e-144,10,0.26666666666666666
-4.800000000000001,2.2671212590004327e-142,10,0.26666666666666666
-4.7666666666666675,2.611845992806943e-140,10,0.26666666666666666
-4.733333333333334,2.903891574989179e-138,10,0.26666666666666666
-4.700000000000001,3.1158271804393865e-136,10,0.26666666666666666
-4.666666666666668,3.226462233199279e-134,10,0.26666666666666666
-4.633333333333335,3.2243353568950397e-132,10,0.26666666666666666
-4.600000000000001,3.109670446380716e-130,10,0.26666666666666666
-4.566666666666668,2.8943378506067914e-128,10,0.26666666666666666
-4.533333333333335,2.59982997778592e-126,10,0.26666666666666666
-4.500000000000002,2.2537291168805633e-124,10,0.26666666666666666
-4.466666666666669,1.885470417544551e-122,10,0.26666666666666666
-4.433333333333335,1.5222962471978531e-120,10,0.26666666666666666
-4.400000000000002,1.1861518766450653e-118,10,0.26666666666666666
-4.366666666666669,8.919557981112732e-117,10,0.26666666666666666
-4.333333333333336,6.473043592586475e-115,10,0.26666666666666666
-4.3000000000000025,4.533526647099092e-113,10,0.26666666666666666
-4.266666666666669,3.0642666334246536e-111,10,0.26666666666666666
-4.233333333333336,1.9988490044404746e-109,10,0.26666666666666666
-4.200000000000003,1.258336581357883e-107,10,0.26666666666666666
-4.16666666666667,7.644998788844002e-106,10,0.26666666666666666
-4.133333333333336,4.482519400311876e-104,10,0.26666666666666666
-4.100000000000003,2.536480427663784e-102,10,0.26666666666666666
-4.06666666666667,1.385178963732495e-100,10,0.26666666666666666
-4.033333333333337,7.300385276896578e-99,10,0.26666666666666666
-4.0000000000000036,3.7132288628470433e-97,10,0.26666666666666666
-3.9666666666666703,1.8227380493735694e-95,10,0.26666666666666666
-3.933333333333337,8.635033140495435e-94,10,0.26666666666666666
-3.900000000000004,3.9479497078432857e-92,10,0.26666666666666666
-3.8666666666666707,1.7419984423367644e-90,10,0.26666666666666666
-3.8333333333333375,7.418108918346046e-89,10,0.26666666666666666
-3.8000000000000043,3.0486582353923114e-87,10,0.26666666666666666
-3.766666666666671,1.2091918942884057e-85,10,0.26666666666666666
-3.733333333333338,4.6286419258051e-84,10,0.26666666666666666
-3.7000000000000046,1.7099554770746673e-82,10,0.26666666666666666
-3.6666666666666714,6.096631443806054e-81,10,0.26666666666666666
-3.633333333333338,2.0978292706380093e-79,10,0.26666666666666666
-3.600000000000005,6.966692182260058e-78,10,0.26666666666666666
-3.5666666666666718,2.232855903426417e-76,10,0.26666666666666666
-3.5333333333333385,6.906750581950974e-75,10,0.26666666666666666
-3.5000000000000053,2.061898868581133e-73,10,0.26666666666666666
-3.466666666666672,5.940774661926963e-72,10,0.26666666666666666
-3.433333333333339,1.651971952499462e-70,10,0.26666666666666666
-3.4000000000000057,4.4335130969265303e-69,10,0.26666666666666666
-3.3666666666666725,1.1483679410306723e-67,10,0.26666666666666666
-3.3333333333333393,2.8708070822211003e-66,10,0.26666666666666666
-3.300000000000006,6.926584658713986e-65,10,0.26666666666666666
-3.266666666666673,1.6129798563889718e-63,10,0.26666666666666666
-3.2333333333333396,3.62523405013139e-62,10,0.26666666666666666
-3.2000000000000064,7.863996457119449e-61,10,0.26666666666666666
-3.166666666666673,1.6464697959849894e-59,10,0.26666666666666666
-3.13333333333334,3.3271370924430566e-58,10,0.26666666666666666
-3.1000000000000068,6.489296201593397e-57,10,0.26666666666666666
-3.0666666666666735,1.221625898200559e-55,10,0.26666666666666666
-3.0333333333333403,2.2197119703654403e-54,10,0.26666666666666666
-3.000000000000007,3.89293448233705e-53,10,0.26666666666666666
-2.966666666666674,6.589982638519175e-52,10,0.26666666666666666
-2.9333333333333407,1.0767704051296333e-50,10,0.26666666666666666
-2.9000000000000075,1.6982394621561953e-49,10,0.26666666666666666
-2.8666666666666742,2.58533851677655e-48,10,0.26666666666666666
-2.833333333333341,3.7991345240515375e-47,10,0.26666666666666666
-2.800000000000008,5.388988097656001e-46,10,0.26666666666666666
-2.7666666666666746,7.378907495420307e-45,10,0.26666666666666666
-2.7333333333333414,9.753189922478778e-44,10,0.26666666666666666
-2.700000000000008,1.244454669229153e-42,10,0.26666666666666666
-2.666666666666675,1.5328435794529693e-41,10,0.26666666666666666
-2.6333333333333417,1.8226871201054928e-40,10,0.26666666666666666
-2.6000000000000085,2.092337537138427e-39,10,0.26666666666666666
-2.5666666666666753,2.3188208232750154e-38,10,0.26666666666666666
-2.533333333333342,2.481016600550336e-37,10,0.26666666666666666
-2.500000000000009,2.5628970435231064e-36,10,0.26666666666666666
-2.4666666666666757,2.556138942081128e-35,10,0.26666666666666666
-2.4333333333333425,2.46151917314822e-34,10,0.26666666666666666
-2.4000000000000092,2.2887694195402865e-33,10,0.26666666666666666
-2.366666666666676,2.0549273600125845e-32,10,0.26666666666666666
-2.333333333333343,1.7815709160664883e-31,10,0.26666666666666666
-2.3000000000000096,1.4915562991343022e-30,10,0.26666666666666666
-2.2666666666666764,1.205937860294499e-29,10,0.26666666666666666
-2.233333333333343,9.416272578164854e-29,10,0.26666666666666666
-2.20000000000001,7.101061674781678e-28,10,0.26666666666666666
-2.1666666666666767,5.172261048166963e-27,10,0.26666666666666666
-2.1333333333333435,3.6389377184228814e-26,10,0.26666666666666666
-2.1000000000000103,2.473042005416046e-25,10,0.26666666666666666
-2.066666666666677,1.623597116322168e-24,10,0.26666666666666666
-2.033333333333344,1.029778524891511e-23,10,0.26666666666666666
-2.0000000000000107,6.310427323491395e-23,10,0.26666666666666666
-1.9666666666666774,3.736418246305785e-22,10,0.26666666666666666
-1.9333333333333442,2.1378057741828706e-21,10,0.26666666666666666
-1.900000000000011,1.1820429870370695e-20,10,0.26666666666666666
-1.8666666666666778,6.31667879122548e-20,10,0.26666666666666666
-1.8333333333333446,3.262684901489998e-19,10,0.26666666666666666
-1.8000000000000114,1.6290513027306948e-18,10,0.26666666666666666
-1.7666666666666782,7.863436070652888e-18,10,0.26666666666666666
-1.733333333333345,3.66990547853434e-17,10,0.26666666666666666
-1.7000000000000117,1.6561954290371665e-16,10,0.26666666666666666
-1.6666666666666785,7.228265422083267e-16,10,0.26666666666666666
-1.6333333333333453,3.0512403672033195e-15,10,0.26666666666666666
-1.600000000000012,1.245933889937065e-14,10,0.26666666666666666
-1.5666666666666789,4.92208013038801e-14,10,0.26666666666666666
-1.5333333333333456,1.881476280157026e-13,10,0.26666666666666666
-1.5000000000000124,6.959994626999796e-13,10,0.26666666666666666
-1.4666666666666792,2.491983968920359e-12,10,0.26666666666666666
-1.433333333333346,8.637264384809188e-12,10,0.26666666666666666
-1.4000000000000128,2.8984950013273125e-11,10,0.26666666666666666
-1.3666666666666796,9.419052972415492e-11,10,0.26666666666666666
-1.3333333333333464,2.9645267113128477e-10,10,0.26666666666666666
-1.3000000000000131,9.038452292316851e-10,10,0.26666666666666666
-1.26666666666668,2.6699453170326005e-09,10,0.26666666666666666
-1.2333333333333467,7.64294976090925e-09,10,0.26666666666666666
-1.2000000000000135,2.120568198110672e-08,10,0.26666666666666666
-1.1666666666666803,5.703737942806132e-08,10,0.26666666666666666
-1.133333333333347,1.4875351487707116e-07,10,0.26666666666666666
-1.1000000000000139,3.762354151000933e-07,10,0.26666666666666666
-1.0666666666666806,9.23039727800157e-07,10,0.26666666666666666
-1.0333333333333474,2.197001718172533e-06,10,0.26666666666666666
-1.0000000000000142,5.0741773219654e-06,10,0.26666666666666666
-0.966666666666681,1.137347707518543e-05,10,0.26666666666666666
-0.9333333333333478,2.4743785001657075e-05,10,0.26666666666666666
-0.9000000000000146,5.2253523325467145e-05,10,0.26666666666666666
-0.8666666666666814,0.00010711298196936497,10,0.26666666666666666
-0.8333333333333481,0.0002131105661342316,10,0.26666666666666666
-0.8000000000000149,0.00041144523566936605,10,0.26666666666666666
-0.7666666666666817,0.0007705708911528242,10,0.26666666666666666
-0.7333333333333485,0.0013992563089941126,10,0.26666666666666666
-0.7000000000000153,0.0024621178659314014,10,0.26666666666666666
-0.6666666666666821,0.004195341192096,10,0.26666666666666666
-0.6333333333333488,0.006918455045914163,10,0.26666666666666666
-0.6000000000000156,0.011036642263998276,10,0.26666666666666666
-0.5666666666666824,0.01702831317208491,10,0.26666666666666666
-0.5333333333333492,0.02541540607101023,10,0.26666666666666666
-0.500000000000016,0.036718854320733595,10,0.26666666666666666
-0.4666666666666828,0.05140705702976013,10,0.26666666666666666
-0.43333333333334956,0.06984838669834519,10,0.26666666666666666
-0.40000000000001634,0.09227795898498037,10,0.26666666666666666
-0.3666666666666831,0.118784386680049,10,0.26666666666666666
-0.3333333333333499,0.14931627858084862,10,0.26666666666666666
-0.3000000000000167,0.1837034468038306,10,0.26666666666666666
-0.2666666666666835,0.22168565334127593,10,0.26666666666666666
-0.23333333333335027,0.2629421877214735,10,0.26666666666666666
-0.20000000000001705,0.3071175203772091,10,0.26666666666666666
-0.16666666666668384,0.353840511082114,10,0.26666666666666666
-0.13333333333335062,0.4027363657745615,10,0.26666666666666666
-0.10000000000001741,0.45343145281992514,10,0.26666666666666666
-0.0666666666666842,0.5055511117771274,10,0.26666666666666666
-0.03333333333335098,0.558709638463137,10,0.26666666666666666
-1.7763568394002505e-14,0.6124899217873965,10,0.26666666666666666
0.03333333333331545,0.6664048129714776,10,0.26666666666666666
0.06666666666664867,0.7198219885388076,10,0.26666666666666666
0.09999999999998188,0.7718081195062646,10,0.26666666666666666
0.1333333333333151,0.8207669638770914,10,0.26666666666666666
0.1666666666666483,0.8635776843904734,10,0.26666666666666666
0.19999999999998153,0.8935163873204999,10,0.26666666666666666
0.23333333333331474,0.8963785155485322,10,0.26666666666666666
0.26666666666664796,0.8489341509544981,10,0.26666666666666666
0.29999999999998117,0.7336882558763341,10,0.26666666666666666
0.3333333333333144,0.5666055164888771,10,0.26666666666666666
0.3666666666666476,0.39443453079541957,10,0.26666666666666666
0.3999999999999808,0.2557920182190092,10,0.26666666666666666
0.43333333333331403,0.1600779754519309,10,0.26666666666666666
0.46666666666664725,0.098836315581029,10,0.26666666666666666
0.49999999999998046,0.06071029854790847,10,0.26666666666666666
0.5333333333333137,0.037111005155654526,10,0.26666666666666666
0.5666666666666469,0.022509557701401086,10,0.26666666666666666
0.5999999999999801,0.013497234962181035,10,0.26666666666666666
0.6333333333333133,0.007972692186858844,10,0.26666666666666666
0.6666666666666465,0.0046251076727528125,10,0.26666666666666666
0.6999999999999797,0.002628400719209182,10,0.26666666666666666
0.733333333333313,0.0014602028967159867,10,0.26666666666666666
0.7666666666666462,0.0007917005349099281,10,0.26666666666666666
0.7999999999999794,0.0004183660800942582,10,0.26666666666666666
0.8333333333333126,0.00021525007106125294,10,0.26666666666666666
0.8666666666666458,0.00010773666292610338,10,0.26666666666666666
0.899999999999979,5.242481558052095e-05,10,0.26666666666666666
0.9333333333333123,2.478807271378991e-05,10,0.26666666666666666
0.9666666666666455,1.1384248005047659e-05,10,0.26666666666666666
0.9999999999999787,5.076639458315711e-06,10,0.26666666666666666
1.033333333333312,2.1975303298061847e-06,10,0.26666666666666666
1.0666666666666451,9.231462446245707e-07,10,0.26666666666666666
1.0999999999999783,3.762555460368938e-07,10,0.26666666666666666
1.1333333333333115,1.487570810223469e-07,10,0.26666666666666666
1.1666666666666448,5.703797121684637e-08,10,0.26666666666666666
1.199999999999978,2.1205773926333044e-08,10,0.26666666666666666
1.2333333333333112,7.642963128931162e-09,10,0.26666666666666666
1.2666666666666444,2.6699471349730894e-09,10,0.26666666666666666
1.2999999999999776,9.038454603762063e-10,10,0.26666666666666666
1.3333333333333108,2.9645269859842995e-10,10,0.26666666666666666
1.366666666666644,9.419053277361475e-11,10,0.26666666666666666
1.3999999999999773,2.8984950329494118e-11,10,0.26666666666666666
1.4333333333333105,8.63726441543205e-12,10,0.26666666666666666
1.4666666666666437,2.4919839716902136e-12,10,0.26666666666666666
1.499999999999977,6.959994629342726e-13,10,0.26666666666666666
1.5333333333333101,1.8814762803433116e-13,10,0.26666666666666666
1.5666666666666433,4.922080130529947e-14,10,0.26666666666666666
1.5999999999999766,1.245933889948146e-14,10,0.26666666666666666
1.6333333333333098,3.0512403672138456e-15,10,0.26666666666666666
1.666666666666643,7.228265422098007e-16,10,0.26666666666666666
1.6999999999999762,1.6561954290399934e-16,10,0.26666666666666666
1.7333333333333094,3.6699054785404037e-17,10,0.26666666666666666
1.7666666666666426,7.863436070666009e-18,10,0.26666666666666666
1.7999999999999758,1.6290513027334608e-18,10,0.26666666666666666
1.833333333333309,3.262684901495649e-19,10,0.26666666666666666
1.8666666666666423,6.316678791236638e-20,10,0.26666666666666666
1.8999999999999755,1.1820429870392037e-20,10,0.26666666666666666
1.9333333333333087,2.137805774186807e-21,10,0.26666666666666666
1.966666666666642,3.736418246312792e-22,10,0.26666666666666666
1.9999999999999751,6.310427323503481e-23,10,0.26666666666666666
2.0333333333333083,1.0297785248935202e-23,10,0.26666666666666666
2.0666666666666416,1.623597116325392e-24,10,0.26666666666666666
2.0999999999999748,2.4730420054210582e-25,10,0.26666666666666666
2.133333333333308,3.6389377184303826e-26,10,0.26666666666666666
2.166666666666641,5.172261048177835e-27,10,0.26666666666666666
2.1999999999999744,7.101061674796851e-28,10,0.26666666666666666
2.2333333333333076,9.416272578185308e-29,10,0.26666666666666666
2.266666666666641,1.2059378602971603e-29,10,0.26666666666666666
2.299999999999974,1.4915562991376562e-30,10,0.26666666666666666
2.3333333333333073,1.7815709160705584e-31,10,0.26666666666666666
2.3666666666666405,2.0549273600173615e-32,10,0.26666666666666666
2.3999999999999737,2.2887694195457042e-33,10,0.26666666666666666
2.433333333333307,2.4615191731541146e-34,10,0.26666666666666666
2.46666666666664,2.5561389420873557e-35,10,0.26666666666666666
2.4999999999999734,2.5628970435294258e-36,10,0.26666666666666666
2.5333333333333066,2.481016600556555e-37,10,0.26666666666666666
2.56666666666664,2.3188208232809258e-38,10,0.26666666666666666
2.599999999999973,2.0923375371438215e-39,10,0.26666666666666666
2.633333333333306,1.8226871201102675e-40,10,0.26666666666666666
2.6666666666666394,1.5328435794570494e-41,10,0.26666666666666666
2.6999999999999726,1.2444546692325018e-42,10,0.26666666666666666
2.733333333333306,9.753189922505425e-44,10,0.26666666666666666
2.766666666666639,7.378907495440782e-45,10,0.26666666666666666
2.7999999999999723,5.3889880976711046e-46,10,0.26666666666666666
2.8333333333333055,3.7991345240623485e-47,10,0.26666666666666666
2.8666666666666387,2.5853385167839803e-48,10,0.26666666666666666
2.899999999999972,1.6982394621611706e-49,10,0.26666666666666666
2.933333333333305,1.0767704051328188e-50,10,0.26666666666666666
2.9666666666666384,6.5899826385388616e-52,10,0.26666666666666666
2.9999999999999716,3.8929344823488433e-53,10,0.26666666666666666
3.033333333333305,2.2197119703722583e-54,10,0.26666666666666666
3.066666666666638,1.2216258982043632e-55,10,0.26666666666666666
3.0999999999999712,6.489296201613788e-57,10,0.26666666666666666
3.1333333333333044,3.327137092453652e-58,10,0.26666666666666666
3.1666666666666377,1.6464697959902808e-59,10,0.26666666666666666
3.199999999999971,7.863996457144938e-61,10,0.26666666666666666
3.233333333333304,3.625234050143348e-62,10,0.26666666666666666
3.2666666666666373,1.612979856394338e-63,10,0.26666666666666666
3.2999999999999705,6.9265846587374196e-65,10,0.26666666666666666
3.3333333333333037,2.870807082230894e-66,10,0.26666666666666666
3.366666666666637,1.1483679410346228e-67,10,0.26666666666666666
3.39999999999997,4.433513096942033e-69,10,0.26666666666666666
3.4333333333333034,1.6519719525052857e-70,10,0.26666666666666666
3.4666666666666366,5.940774661948076e-72,10,0.26666666666666666
3.49999999999997,2.0618988685885772e-73,10,0.26666666666666666
3.533333333333303,6.906750581976106e-75,10,0.26666666666666666
3.5666666666666362,2.2328559034346067e-76,10,0.26666666666666666
3.5999999999999694,6.966692182286001e-78,10,0.26666666666666666
3.6333333333333027,2.0978292706458808e-79,10,0.26666666666666666
3.666666666666636,6.096631443829104e-81,10,0.26666666666666666
3.699999999999969,1.709955477081229e-82,10,0.26666666666666666
3.7333333333333023,4.628641925822994e-84,10,0.26666666666666666
3.7666666666666355,1.2091918942931148e-85,10,0.26666666666666666
3.7999999999999687,3.0486582354043565e-87,10,0.26666666666666666
3.833333333333302,7.418108918375565e-89,10,0.26666666666666666
3.866666666666635,1.741998442343746e-90,10,0.26666666666666666
3.8999999999999684,3.9479497078593324e-92,10,0.26666666666666666
3.9333333333333016,8.635033140530778e-94,10,0.26666666666666666
3.966666666666635,1.8227380493810834e-95,10,0.26666666666666666
3.999999999999968,3.713228862862453e-97,10,0.26666666666666666
4.033333333333301,7.300385276927289e-99,10,0.26666666666666666
4.0666666666666345,1.3851789637383614e-100,10,0.26666666666666666
4.099999999999968,2.53648042767467e-102,10,0.26666666666666666
4.133333333333301,4.4825194003312425e-104,10,0.26666666666666666
4.166666666666634,7.644998788877464e-106,10,0.26666666666666666
4.199999999999967,1.2583365813634267e-107,10,0.26666666666666666
4.2333333333333005,1.9988490044493373e-109,10,0.26666666666666666
4.266666666666634,3.0642666334383277e-111,10,0.26666666666666666
4.299999999999967,4.5335266471195807e-113,10,0.26666666666666666
4.3333333333333,6.473043592615912e-115,10,0.26666666666666666
4.366666666666633,8.919557981153801e-117,10,0.26666666666666666
4.399999999999967,1.1861518766505268e-118,10,0.26666666666666666
4.4333333333333,1.5222962472049489e-120,10,0.26666666666666666
4.466666666666633,1.8854704175533396e-122,10,0.26666666666666666
4.499999999999966,2.253729116891196e-124,10,0.26666666666666666
4.5333333333332995,2.5998299777983332e-126,10,0.26666666666666666
4.566666666666633,2.894337850620776e-128,10,0.26666666666666666
4.599999999999966,3.1096704463957414e-130,10,0.26666666666666666
4.633333333333299,3.2243353569108023e-132,10,0.26666666666666666
4.666666666666632,3.2264622332152355e-134,10,0.26666666666666666
4.6999999999999655,3.115827180454972e-136,10,0.26666666666666666
4.733333333333299,2.903891575003705e-138,10,0.26666666666666666
4.766666666666632,2.6118459928200086e-140,10,0.26666666666666666
4.799999999999965,2.2671212590119017e-142,10,0.26666666666666666
4.833333333333298,1.8991612459371106e-144,10,0.26666666666666666
4.866666666666632,1.535354738375976e-146,10,0.26666666666666666
4.899999999999965,1.1978855789882252e-148,10,0.26666666666666666
4.933333333333298,9.019481245388908e-151,10,0.26666666666666666
4.966666666666631,6.55401333897996e-153,10,0.26666666666666666
4.9999999999999645,4.596133809392593e-155,10,0.26666666666666666
-5.0,2.313721234218591e-155,11,0.29333333333333333
-4.966666666666667,4.50974217801017e-151,11,0.29333333333333333
-4.933333333333334,5.989755580125922e-149,11,0.29333333333333333
-4.9,7.677224665901428e-147,11,0.29333333333333333
-4.866666666666667,9.496405172426461e-145,11,0.29333333333333333
-4.833333333333334,1.1336373972371348e-142,11,0.29333333333333333
-4.800000000000001,1.3060179544657678e-140,11,0.29333333333333333
-4.7666666666666675,1.4520591435575396e-138,11,0.29333333333333333
-4.733333333333334,1.5580441825193336e-136,11,0.29333333333333333
-4.700000000000001,1.613376311178389e-134,11,0.29333333333333333
-4.666666666666668,1.6123234698065418e-132,11,0.29333333333333333
-4.633333333333335,1.554996546302018e-130,11,0.29333333333333333
-4.600000000000001,1.4473301420712403e-128,11,0.29333333333333333
-4.566666666666668,1.300070472415279e-126,11,0.29333333333333333
-4.533333333333335,1.127009275332812e-124,11,0.29333333333333333
-4.500000000000002,9.428652002711648e-123,11,0.29333333333333333
-4.466666666666669,7.612608100547706e-121,11,0.29333333333333333
-4.433333333333335,5.931702118434099e-119,11,0.29333333333333333
-4.400000000000002,4.4605401386799646e-117,11,0.29333333333333333
-4.366666666666669,3.23711487223156e-115,11,0.29333333333333333
-4.333333333333336,2.2672093014486017e-113,11,0.29333333333333333
-4.3000000000000025,1.532456968891956e-111,11,0.29333333333333333
-4.266666666666669,9.996511785525923e-110,11,0.29333333333333333
-4.233333333333336,6.293215040106127e-108,11,0.29333333333333333
-4.200000000000003,3.823498818924221e-106,11,0.29333333333333333
-4.16666666666667,2.2418888684466168e-104,11,0.29333333333333333
-4.133333333333336,1.2686224637713343e-102,11,0.29333333333333333
-4.100000000000003,6.92813607836263e-101,11,0.29333333333333333
-4.06666666666667,3.6514608786621208e-99,11,0.29333333333333333
-4.033333333333337,1.857307020905388e-97,11,0.29333333333333333
-4.0000000000000036,9.117340439506295e-96,11,0.29333333333333333
-3.9666666666666703,4.3193731846791406e-94,11,0.29333333333333333
-3.933333333333337,1.9748862229463295e-92,11,0.29333333333333333
-3.900000000000004,8.71430972825407e-91,11,0.29333333333333333
-3.8666666666666707,3.711028434026945e-89,11,0.29333333333333333
-3.8333333333333375,1.5252001169173241e-87,11,0.29333333333333333
-3.8000000000000043,6.0496685259012014e-86,11,0.29333333333333333
-3.766666666666671,2.3158452920202465e-84,11,0.29333333333333333
-3.733333333333338,8.555823344844779e-83,11,0.29333333333333333
-3.7000000000000046,3.0506300428659297e-81,11,0.29333333333333333
-3.6666666666666714,1.049769613057542e-79,11,0.29333333333333333
-3.633333333333338,3.486394406851932e-78,11,0.29333333333333333
-3.600000000000005,1.1174768663485275e-76,11,0.29333333333333333
-3.5666666666666718,3.456858637066617e-75,11,0.29333333333333333
-3.5333333333333385,1.0320658622422797e-73,11,0.29333333333333333
-3.5000000000000053,2.973840706254457e-72,11,0.29333333333333333
-3.466666666666672,8.270169256840216e-71,11,0.29333333333333333
-3.433333333333339,2.2197269357942285e-69,11,0.29333333333333333
-3.4000000000000057,5.7500995649158585e-68,11,0.29333333333333333
-3.3666666666666725,1.4376202976590134e-66,11,0.29333333333333333
-3.3333333333333393,3.4690341690621466e-65,11,0.29333333333333333
-3.300000000000006,8.079253317355964e-64,11,0.29333333333333333
-3.266666666666673,1.816080317395052e-62,11,0.29333333333333333
-3.2333333333333396,3.9400631278416695e-61,11,0.29333333333333333
-3.2000000000000064,8.250475150175604e-60,11,0.29333333333333333
-3.166666666666673,1.667500544450088e-58,11,0.29333333333333333
-3.13333333333334,3.2528804497766236e-57,11,0.29333333333333333
-3.1000000000000068,6.12476517646501e-56,11,0.29333333333333333
-3.0666666666666735,1.113100633283517e-54,11,0.29333333333333333
-3.0333333333333403,1.9525753706595278e-53,11,0.29333333333333333
-3.000000000000007,3.306089879111415e-52,11,0.29333333333333333
-2.966666666666674,5.403316698059852e-51,11,0.29333333333333333
-2.9333333333333407,8.524147223973572e-50,11,0.29333333333333333
-2.9000000000000075,1.2980531104139232e-48,11,0.29333333333333333
-2.8666666666666742,1.9080584593365497e-47,11,0.29333333333333333
-2.833333333333341,2.7074207414118835e-46,11,0.29333333333333333
-2.800000000000008,3.708449420330411e-45,11,0.29333333333333333
-2.7666666666666746,4.903539901727669e-44,11,0.29333333333333333
-2.7333333333333414,6.259167883622867e-43,11,0.29333333333333333
-2.700000000000008,7.71298384687724e-42,11,0.29333333333333333
-2.666666666666675,9.175658333988922e-41,11,0.29333333333333333
-2.6333333333333417,1.0538329864664784e-39,11,0.29333333333333333
-2.6000000000000085,1.1685238472380352e-38,11,0.29333333333333333
-2.5666666666666753,1.25096998796086e-37,11,0.29333333333333333
-2.533333333333342,1.2930426258779282e-36,11,0.29333333333333333
-2.500000000000009,1.2904745540433157e-35,11,0.29333333333333333
-2.4666666666666757,1.2435740717917255e-34,11,0.29333333333333333
-2.4333333333333425,1.1571654044805489e-33,11,0.29333333333333333
-2.4000000000000092,1.0397712758720333e-32,11,0.29333333333333333
-2.366666666666676,9.022293051309456e-32,11,0.29333333333333333
-2.333333333333343,7.56052786367214e-31,11,0.29333333333333333
-2.3000000000000096,6.118767847275819e-30,11,0.29333333333333333
-2.2666666666666764,4.7827141040391426e-29,11,0.29333333333333333
-2.233333333333343,3.610827730405564e-28,11,0.29333333333333333
-2.20000000000001,2.6332118869743056e-27,11,0.29333333333333333
-2.1666666666666767,1.854974167585349e-26,11,0.29333333333333333
-2.1333333333333435,1.2623823079488578e-25,11,0.29333333333333333
-2.1000000000000103,8.299932467531984e-25,11,0.29333333333333333
-2.066666666666677,5.272544724728357e-24,11,0.29333333333333333
-2.033333333333344,3.2363935175618055e-23,11,0.29333333333333333
-2.0000000000000107,1.919698049397468e-22,11,0.29333333333333333
-1.9666666666666774,1.1004550237088923e-21,11,0.29333333333333333
-1.9333333333333442,6.0970358475006365e-21,11,0.29333333333333333
-1.900000000000011,3.265229684321883e-20,11,0.29333333333333333
-1.8666666666666778,1.6904446000968525e-19,11,0.29333333333333333
-1.8333333333333446,8.461090453214748e-19,11,0.29333333333333333
-1.8000000000000114,4.094852280400944e-18,11,0.29333333333333333
-1.7666666666666782,1.9164053044037045e-17,11,0.29333333333333333
-1.733333333333345,8.674148948718477e-17,11,0.29333333333333333
-1.7000000000000117,3.7976279849683493e-16,11,0.29333333333333333
-1.6666666666666785,1.6084299550535163e-15,11,0.29333333333333333
-1.6333333333333453,6.591082720789457e-15,11,0.29333333333333333
-1.600000000000012,2.6136020835541225e-14,11,0.29333333333333333
-1.5666666666666789,1.0030348345752959e-13,11,0.29333333333333333
-1.5333333333333456,3.7261013200183346e-13,11,0.29333333333333333
-1.5000000000000124,1.3400657984667959e-12,11,0.29333333333333333
-1.4666666666666792,4.66663192373976e-12,11,0.29333333333333333
-1.433333333333346,1.5738466990929957e-11,11,0.29333333333333333
-1.4000000000000128,5.14138970527226e-11,11,0.29333333333333333
-1.3666666666666796,1.6271881055487012e-10,11,0.29333333333333333
-1.3333333333333464,4.990178793163071e-10,11,0.29333333333333333
-1.3000000000000131,1.483198992673798e-09,11,0.29333333333333333
-1.26666666666668,4.273397483550919e-09,11,0.29333333333333333
-1.2333333333333467,1.1937813560559192e-08,11,0.29333333333333333
-1.2000000000000135,3.234016395551569e-08,11,0.29333333333333333
-1.1666666666666803,8.49795940935035e-08,11,0.29333333333333333
-1.133333333333347,2.1663636960411234e-07,11,0.29333333333333333
-1.1000000000000139,5.358964553636679e-07,11,0.29333333333333333
-1.0666666666666806,1.2866176295836207e-06,11,0.29333333333333333
-1.0333333333333474,2.998603545828147e-06,11,0.29333333333333333
-1.0000000000000142,6.785214490846136e-06,11,0.29333333333333333
-0.966666666666681,1.4908863860287094e-05,11,0.29333333333333333
-0.9333333333333478,3.181297998538246e-05,11,0.29333333333333333
-0.9000000000000146,6.592621129830899e-05,11,0.29333333333333333
-0.8666666666666814,0.00013267350759330973,11,0.29333333333333333
-0.8333333333333481,0.0002592475460211558,11,0.29333333333333333
-0.8000000000000149,0.0004917310559665491,11,0.29333333333333333
-0.7666666666666817,0.0009049930461244784,11,0.29333333333333333
-0.7333333333333485,0.0016152507295646235,11,0.29333333333333333
-0.7000000000000153,0.0027941701566450883,11,0.29333333333333333
-0.6666666666666821,0.0046819258567554626,11,0.29333333333333333
-0.6333333333333488,0.007595150411098062,11,0.29333333333333333
-0.6000000000000156,0.011924964423146682,11,0.29333333333333333
-0.5666666666666824,0.01812119708884608,11,0.29333333333333333
-0.5333333333333492,0.026661921583781122,11,0.29333333333333333
-0.500000000000016,0.038011883021043844,11,0.29333333333333333
-0.4666666666666828,0.05257751593719252,11,0.29333333333333333
-0.43333333333334956,0.0706680007669757,11,0.29333333333333333
-0.40000000000001634,0.09247020001027832,11,0.29333333333333333
-0.3666666666666831,0.11804109291595452,11,0.29333333333333333
-0.3333333333333499,0.1473164715722093,11,0.29333333333333333
-0.3000000000000167,0.18013113039143933,11,0.29333333333333333
-0.2666666666666835,0.2162444897194227,11,0.29333333333333333
-0.23333333333335027,0.25536625837418314,11,0.29333333333333333
-0.20000000000001705,0.29717844676197436,11,0.29333333333333333
-0.16666666666668384,0.3413518612769541,11,0.29333333333333333
-0.13333333333335062,0.3875565869263123,11,0.29333333333333333
-0.10000000000001741,0.43546666951548685,11,0.29333333333333333
-0.0666666666666842,0.4847592701004868,11,0.29333333333333333
-0.03333333333335098,0.5351081212478537,11,0.29333333333333333
-1.7763568394002505e-14,0.5861694427893192,11,0.29333333333333333
0.03333333333331545,0.6375559969845356,11,0.29333333333333333
0.06666666666664867,0.6887879865220218,11,0.29333333333333333
0.09999999999998188,0.7391915334463385,11,0.29333333333333333
0.1333333333333151,0.7876771732200858,11,0.29333333333333333
0.1666666666666483,0.8321990505151439,11,0.29333333333333333
0.19999999999998153,0.8684324947375472,11,0.29333333333333333
0.23333333333331474,0.8867617374881875,11,0.29333333333333333
0.26666666666664796,0.8680725829776599,11,0.29333333333333333
0.29999999999998117,0.787699309989929,11,0.29333333333333333
0.3333333333333144,0.6406053648812877,11,0.29333333333333333
0.3666666666666476,0.4623212183001578,11,0.29333333333333333
0.3999999999999808,0.303246981295478,11,0.29333333333333333
0.43333333333331403,0.18844635476140334,11,0.29333333333333333
0.46666666666664725,0.11478198057492224,11,0.29333333333333333
0.49999999999998046,0.06965193848313571,11,0.29333333333333333
0.5333333333333137,0.04224574015702747,11,0.29333333333333333
0.5666666666666469,0.02554313032932552,11,0.29333333333333333
0.5999999999999801,0.015329748217571226,11,0.29333333333333333
0.6333333333333133,0.009093328063594877,11,0.29333333333333333
0.6666666666666465,0.005311877519107145,11,0.29333333333333333
0.6999999999999797,0.0030465071704313955,11,0.29333333333333333
0.733333333333313,0.0017113069671803077,11,0.29333333333333333
0.7666666666666462,0.0009396759208696433,11,0.29333333333333333
0.7999999999999794,0.0005035913944143674,11,0.29333333333333333
0.8333333333333126,0.00026308405610786777,11,0.29333333333333333
0.8666666666666458,0.00013384616016724757,11,0.29333333333333333
0.899999999999979,6.626456636794456e-05,11,0.29333333333333333
0.9333333333333123,3.190505554482151e-05,11,0.29333333333333333
0.9666666666666455,1.4932473821308946e-05,11,0.29333333333333333
0.9999999999999787,6.79091412181954e-06,11,0.29333333333333333
1.033333333333312,2.999897835483981e-06,11,0.29333333333333333
1.0666666666666451,1.286893875435802e-06,11,0.29333333333333333
1.0999999999999783,5.359518288375228e-07,11,0.29333333333333333
1.1333333333333115,2.1664678628985122e-07,11,0.29333333333333333
1.1666666666666448,8.498143181013683e-08,11,0.29333333333333333
1.199999999999978,3.234046781187182e-08,11,0.29333333333333333
1.2333333333333112,1.1937860619164312e-08,11,0.29333333333333333
1.2666666666666444,4.273404306173274e-09,11,0.29333333333333333
1.2999999999999776,1.4831999181939064e-09,11,0.29333333333333333
1.3333333333333108,4.990179967365235e-10,11,0.29333333333333333
1.366666666666644,1.6271882448137086e-10,11,0.29333333333333333
1.3999999999999773,5.141389859628285e-11,11,0.29333333333333333
1.4333333333333105,1.573846715075895e-11,11,0.29333333333333333
1.4666666666666437,4.666631939197986e-12,11,0.29333333333333333
1.499999999999977,1.3400657998635073e-12,11,0.29333333333333333
1.5333333333333101,3.7261013211988244e-13,11,0.29333333333333333
1.5666666666666433,1.0030348346691335e-13,11,0.29333333333333333
1.5999999999999766,2.613602083625714e-14,11,0.29333333333333333
1.6333333333333098,6.591082720845661e-15,11,0.29333333333333333
1.666666666666643,1.6084299550589242e-15,11,0.29333333333333333
1.6999999999999762,3.797627984976025e-16,11,0.29333333333333333
1.7333333333333094,8.674148948733267e-17,11,0.29333333333333333
1.7666666666666426,1.9164053044068748e-17,11,0.29333333333333333
1.7999999999999758,4.094852280407787e-18,11,0.29333333333333333
1.833333333333309,8.461090453229136e-19,11,0.29333333333333333
1.8666666666666423,1.6904446000997847e-19,11,0.29333333333333333
1.8999999999999755,3.265229684327659e-20,11,0.29333333333333333
1.9333333333333087,6.097035847511658e-21,11,0.29333333333333333
1.966666666666642,1.100455023710921e-21,11,0.29333333333333333
1.9999999999999751,1.919698049401072e-22,11,0.29333333333333333
2.0333333333333083,3.2363935175680103e-23,11,0.29333333333333333
2.0666666666666416,5.2725447247386536e-24,11,0.29333333333333333
2.0999999999999748,8.29993246754848e-25,11,0.29333333333333333
2.133333333333308,1.2623823079514182e-25,11,0.29333333333333333
2.166666666666641,1.8549741675891757e-26,11,0.29333333333333333
2.1999999999999744,2.6332118869798437e-27,11,0.29333333333333333
2.2333333333333076,3.6108277304132835e-28,11,0.29333333333333333
2.266666666666641,4.782714104049537e-29,11,0.29333333333333333
2.299999999999974,6.118767847289329e-30,11,0.29333333333333333
2.3333333333333073,7.560527863689149e-31,11,0.29333333333333333
2.3666666666666405,9.022293051330077e-32,11,0.29333333333333333
2.3999999999999737,1.0397712758744513e-32,11,0.29333333333333333
2.433333333333307,1.1571654044832889e-33,11,0.29333333333333333
2.46666666666664,1.2435740717947045e-34,11,0.29333333333333333
2.4999999999999734,1.2904745540464607e-35,11,0.29333333333333333
2.5333333333333066,1.2930426258811175e-36,11,0.29333333333333333
2.56666666666664,1.2509699879639965e-37,11,0.29333333333333333
2.599999999999973,1.1685238472410142e-38,11,0.29333333333333333
2.633333333333306,1.053832986469196e-39,11,0.29333333333333333
2.6666666666666394,9.175658334012962e-41,11,0.29333333333333333
2.6999999999999726,7.712983846897774e-42,11,0.29333333333333333
2.733333333333306,6.259167883639713e-43,11,0.29333333333333333
2.766666666666639,4.903539901741068e-44,11,0.29333333333333333
2.7999999999999723,3.708449420340703e-45,11,0.29333333333333333
2.8333333333333055,2.707420741419472e-46,11,0.29333333333333333
2.8666666666666387,1.90805845934198e-47,11,0.29333333333333333
2.899999999999972,1.2980531104176543e-48,11,0.29333333333333333
2.933333333333305,8.524147223998547e-50,11,0.29333333333333333
2.9666666666666384,5.403316698075838e-51,11,0.29333333333333333
2.9999999999999716,3.306089879121292e-52,11,0.29333333333333333
3.033333333333305,1.9525753706654436e-53,11,0.29333333333333333
3.066666666666638,1.113100633286936e-54,11,0.29333333333333333
3.0999999999999712,6.124765176484085e-56,11,0.29333333333333333
3.1333333333333044,3.252880449786845e-57,11,0.29333333333333333
3.1666666666666377,1.6675005444553982e-58,11,0.29333333333333333
3.199999999999971,8.250475150202121e-60,11,0.29333333333333333
3.233333333333304,3.9400631278544406e-61,11,0.29333333333333333
3.2666666666666373,1.8160803174010426e-62,11,0.29333333333333333
3.2999999999999705,8.079253317382845e-64,11,0.29333333333333333
3.3333333333333037,3.469034169073883e-65,11,0.29333333333333333
3.366666666666637,1.437620297663918e-66,11,0.29333333333333333
3.39999999999997,5.75009956493564e-68,11,0.29333333333333333
3.4333333333333034,2.2197269358019905e-69,11,0.29333333333333333
3.4666666666666366,8.270169256869372e-71,11,0.29333333333333333
3.49999999999997,2.973840706265026e-72,11,0.29333333333333333
3.533333333333303,1.032065862246006e-73,11,0.29333333333333333
3.5666666666666362,3.456858637079196e-75,11,0.29333333333333333
3.5999999999999694,1.1174768663526263e-76,11,0.29333333333333333
3.6333333333333027,3.4863944068649147e-78,11,0.29333333333333333
3.666666666666636,1.049769613061481e-79,11,0.29333333333333333
3.699999999999969,3.0506300428774635e-81,11,0.29333333333333333
3.7333333333333023,8.55582334487761e-83,11,0.29333333333333333
3.7666666666666355,2.3158452920291993e-84,11,0.29333333333333333
3.7999999999999687,6.049668525924762e-86,11,0.29333333333333333
3.833333333333302,1.52520011692335e-87,11,0.29333333333333333
3.866666666666635,3.711028434041712e-89,11,0.29333333333333333
3.8999999999999684,8.714309728288996e-91,11,0.29333333333333333
3.9333333333333016,1.9748862229543566e-92,11,0.29333333333333333
3.966666666666635,4.31937318469682e-94,11,0.29333333333333333
3.999999999999968,9.11734043954388e-96,11,0.29333333333333333
4.033333333333301,1.8573070209130957e-97,11,0.29333333333333333
4.0666666666666345,3.6514608786774816e-99,11,0.29333333333333333
4.099999999999968,6.928136078391973e-101,11,0.29333333333333333
4.133333333333301,1.268622463776779e-102,11,0.29333333333333333
4.166666666666634,2.241888868456303e-104,11,0.29333333333333333
4.199999999999967,3.8234988189409564e-106,11,0.29333333333333333
4.2333333333333005,6.293215040133852e-108,11,0.29333333333333333
4.266666666666634,9.996511785570247e-110,11,0.29333333333333333
4.299999999999967,1.5324569688987946e-111,11,0.29333333333333333
4.3333333333333,2.267209301458848e-113,11,0.29333333333333333
4.366666666666633,3.237114872246281e-115,11,0.29333333333333333
4.399999999999967,4.460540138700503e-117,11,0.29333333333333333
4.4333333333333,5.931702118461411e-119,11,0.29333333333333333
4.466666666666633,7.61260810058319e-121,11,0.29333333333333333
4.499999999999966,9.428652002755598e-123,11,0.29333333333333333
4.5333333333332995,1.127009275338129e-124,11,0.29333333333333333
4.566666666666633,1.3000704724214863e-126,11,0.29333333333333333
4.599999999999966,1.4473301420782336e-128,11,0.29333333333333333
4.633333333333299,1.5549965463095314e-130,11,0.29333333333333333
4.666666666666632,1.6123234698144238e-132,11,0.29333333333333333
4.6999999999999655,1.613376311186368e-134,11,0.29333333333333333
4.733333333333299,1.558044182527127e-136,11,0.29333333333333333
4.766666666666632,1.4520591435648032e-138,11,0.29333333333333333
4.799999999999965,1.306017954472301e-140,11,0.29333333333333333
4.833333333333298,1.1336373972428697e-142,11,0.29333333333333333
4.866666666666632,9.496405172475048e-145,11,0.29333333333333333
4.899999999999965,7.67722466594215e-147,11,0.29333333333333333
4.933333333333298,5.989755595608075e-149,11,0.29333333333333333
4.966666666666631,4.509970429384924e-151,11,0.29333333333333333
4.9999999999999645,3.277163212785203e-153,11,0.29333333333333333
-5.0,1.6501502125636944e-153,12,0.32
-4.966666666666667,2.9948789469235784e-149,12,0.32
-4.933333333333334,3.8388378200596145e-147,12,0.32
-4.9,4.748502073992237e-145,12,0.32
-4.866666666666667,5.668570847418969e-143,12,0.32
-4.833333333333334,6.530564592587461e-141,12,0.32
-4.800000000000001,7.260862536486317e-139,12,0.32
-4.7666666666666675,7.790873921573901e-137,12,0.32
-4.733333333333334,8.067607585463724e-135,12,0.32
-4.700000000000001,8.062396371123968e-133,12,0.32
-4.666666666666668,7.77578941966568e-131,12,0.32
-4.633333333333335,7.237456872091105e-129,12,0.32
-4.600000000000001,6.501129860349546e-127,12,0.32
-4.566666666666668,5.635770041735095e-125,12,0.32
-4.533333333333335,4.714976036592032e-123,12,0.32
-4.500000000000002,3.8068675549115194e-121,12,0.32
-4.466666666666669,2.9663224918171853e-119,12,0.32
-4.433333333333335,2.2306506997450098e-117,12,0.32
-4.400000000000002,1.6188540212217017e-115,12,0.32
-4.366666666666669,1.1338276777312349e-113,12,0.32
-4.333333333333336,7.663903401895896e-112,12,0.32
-4.3000000000000025,4.999389497413686e-110,12,0.32
-4.266666666666669,3.1473737485375093e-108,12,0.32
-4.233333333333336,1.9122492350513867e-106,12,0.32
-4.200000000000003,1.1212590949753137e-104,12,0.32
-4.16666666666667,6.345024068266133e-103,12,0.32
-4.133333333333336,3.465188983615538e-101,12,0.32
-4.100000000000003,1.826364750562946e-99,12,0.32
-4.06666666666667,9.289999172566121e-98,12,0.32
-4.033333333333337,4.560495950192479e-96,12,0.32
-4.0000000000000036,2.160615245850023e-94,12,0.32
-3.9666666666666703,9.8789897849514e-93,12,0.32
-3.933333333333337,4.359314550719374e-91,12,0.32
-3.900000000000004,1.8565016601249456e-89,12,0.32
-3.8666666666666707,7.630357739450748e-88,12,0.32
-3.8333333333333375,3.026689777167614e-86,12,0.32
-3.8000000000000043,1.158685246068582e-84,12,0.32
-3.766666666666671,4.28093650668534e-83,12,0.32
-3.733333333333338,1.526472944078975e-81,12,0.32
-3.7000000000000046,5.253125976960132e-80,12,0.32
-3.6666666666666714,1.744722518447399e-78,12,0.32
-3.633333333333338,5.592633179807925e-77,12,0.32
-3.600000000000005,1.7301725157367345e-75,12,0.32
-3.5666666666666718,5.165916695543142e-74,12,0.32
-3.5333333333333385,1.4886487824457618e-72,12,0.32
-3.5000000000000053,4.140244957731319e-71,12,0.32
-3.466666666666672,1.1113503882502415e-69,12,0.32
-3.433333333333339,2.8791848670863495e-68,12,0.32
-3.4000000000000057,7.199200122974037e-67,12,0.32
-3.3666666666666725,1.7373921343135312e-65,12,0.32
-3.3333333333333393,4.046814760166277e-64,12,0.32
-3.300000000000006,9.097746757820571e-63,12,0.32
-3.266666666666673,1.9740711905795127e-61,12,0.32
-3.2333333333333396,4.134317976674777e-60,12,0.32
-3.2000000000000064,8.357203037889648e-59,12,0.32
-3.166666666666673,1.6305654624633997e-57,12,0.32
-3.13333333333334,3.070720090954755e-56,12,0.32
-3.1000000000000068,5.5817675686664676e-55,12,0.32
-3.0666666666666735,9.793500679179964e-54,12,0.32
-3.0333333333333403,1.658610442722125e-52,12,0.32
-3.000000000000007,2.711421225883224e-51,12,0.32
-2.966666666666674,4.278604061382343e-50,12,0.32
-2.9333333333333407,6.517282135559915e-49,12,0.32
-2.9000000000000075,9.582913032802617e-48,12,0.32
-2.8666666666666742,1.3602006362580114e-46,12,0.32
-2.833333333333341,1.8637650024618883e-45,12,0.32
-2.800000000000008,2.465307054570894e-44,12,0.32
-2.7666666666666746,3.1481261889130856e-43,12,0.32
-2.7333333333333414,3.8810096229472585e-42,12,0.32
-2.700000000000008,4.619125006412575e-41,12,0.32
-2.666666666666675,5.307729851566778e-40,12,0.32
-2.6333333333333417,5.88849752786012e-39,12,0.32
-2.6000000000000085,6.307541589127624e-38,12,0.32
-2.5666666666666753,6.523639321751542e-37,12,0.32
-2.533333333333342,6.514921269614621e-36,12,0.32
-2.500000000000009,6.282522490252524e-35,12,0.32
-2.4666666666666757,5.85035075010491e-34,12,0.32
-2.4333333333333425,5.2610350829497525e-33,12,0.32
-2.4000000000000092,4.5690047958787553e-32,12,0.32
-2.366666666666676,3.8322524956296713e-31,12,0.32
-2.333333333333343,3.1044953888944567e-30,12,0.32
-2.3000000000000096,2.429159691337932e-29,12,0.32
-2.2666666666666764,1.8360077044391612e-28,12,0.32
-2.233333333333343,1.3405195140073486e-27,12,0.32
-2.20000000000001,9.455412224447023e-27,12,0.32
-2.1666666666666767,6.443572134093005e-26,12,0.32
-2.1333333333333435,4.242714942145259e-25,12,0.32
-2.1000000000000103,2.6993914777616215e-24,12,0.32
-2.066666666666677,1.6596964211185625e-23,12,0.32
-2.033333333333344,9.862117483223757e-23,12,0.32
-2.0000000000000107,5.664094794422552e-22,12,0.32
-1.9666666666666774,3.1445028262201917e-21,12,0.32
-1.9333333333333442,1.6876375933463863e-20,12,0.32
-1.900000000000011,8.757074792859294e-20,12,0.32
-1.8666666666666778,4.393806710823468e-19,12,0.32
-1.8333333333333446,2.1319483702053145e-18,12,0.32
-1.8000000000000114,1.000508104467926e-17,12,0.32
-1.7666666666666782,4.5418170883792855e-17,12,0.32
-1.733333333333345,1.9946342577043596e-16,12,0.32
-1.7000000000000117,8.475857222703501e-16,12,0.32
-1.6666666666666785,3.4854227596431375e-15,12,0.32
-1.6333333333333453,1.3872225395297236e-14,12,0.32
-1.600000000000012,5.3447283089157525e-14,12,0.32
-1.5666666666666789,1.993730764186597e-13,12,0.32
-1.5333333333333456,7.201846409618056e-13,12,0.32
-1.5000000000000124,2.5196210278664687e-12,12,0.32
-1.4666666666666792,8.539266394649197e-12,12,0.32
-1.433333333333346,2.8040264487706857e-11,12,0.32
-1.4000000000000128,8.92286387676541e-11,12,0.32
-1.3666666666666796,2.7521588813523975e-10,12,0.32
-1.3333333333333464,8.229589011796536e-10,12,0.32
-1.3000000000000131,2.386207677831032e-09,12,0.32
-1.26666666666668,6.710506248554193e-09,12,0.32
-1.2333333333333467,1.830678051400845e-08,12,0.32
-1.2000000000000135,4.845870241122734e-08,12,0.32
-1.1666666666666803,1.2448825760272792e-07,12,0.32
-1.133333333333347,3.104379687358898e-07,12,0.32
-1.1000000000000139,7.51626677903145e-07,12,0.32
-1.0666666666666806,1.7672482597082646e-06,12,0.32
-1.0333333333333474,4.0359071834647256e-06,12,0.32
-1.0000000000000142,8.953691046537946e-06,12,0.32
-0.966666666666681,1.9298904032802327e-05,12,0.32
-0.9333333333333478,4.041671278107513e-05,12,0.32
-0.9000000000000146,8.223992575056179e-05,12,0.32
-0.8666666666666814,0.00016257430605477602,12,0.32
-0.8333333333333481,0.00031215744234557247,12,0.32
-0.8000000000000149,0.000581969935448134,12,0.32
-0.7666666666666817,0.001053017445667995,12,0.32
-0.7333333333333485,0.001848183926494633,12,0.32
-0.7000000000000153,0.0031447260141982836,12,0.32
-0.6666666666666821,0.0051846844992909915,12,0.32
-0.6333333333333488,0.008279388270598041,12,0.32
-0.6000000000000156,0.012804035455138951,12,0.32
-0.5666666666666824,0.019179712346254627,12,0.32
-0.5333333333333492,0.027843234961570415,12,0.32
-0.500000000000016,0.039209011336569614,12,0.32
-0.4666666666666828,0.05363012927769062,12,0.32
-0.43333333333334956,0.07136658943217239,12,0.32
-0.40000000000001634,0.09256660018458676,12,0.32
-0.3666666666666831,0.11726305480993487,12,0.32
-0.3333333333333499,0.145383406749836,12,0.32
-0.3000000000000167,0.17676857333831042,12,0.32
-0.2666666666666835,0.21119575402682478,12,0.32
-0.23333333333335027,0.2484007982635293,12,0.32
-0.20000000000001705,0.2880972263693265,12,0.32
-0.16666666666668384,0.3299905010741208,12,0.32
-0.13333333333335062,0.3737872399838866,12,0.32
-0.10000000000001741,0.4191996401377226,12,0.32
-0.0666666666666842,0.4659454991483708,12,0.32
-0.03333333333335098,0.5137437433025861,12,0.32
-1.7763568394002505e-14,0.5623046695430872,12,0.32
0.03333333333331545,0.6113118597122464,12,0.32
0.06666666666664867,0.6603884704498761,12,0.32
0.09999999999998188,0.709031292104069,12,0.32
0.1333333333333151,0.7564650646688297,12,0.32
0.1666666666666483,0.8013069002379976,12,0.32
0.19999999999998153,0.8407221701227133,12,0.32
0.23333333333331474,0.8683775365773183,12,0.32
0.26666666666664796,0.87040575896195,12,0.32
0.29999999999998117,0.8229739290900375,12,0.32
0.3333333333333144,0.706356122958657,12,0.32
0.3666666666666476,0.5356094734583564,12,0.32
0.3999999999999808,0.3610295625843169,12,0.32
0.43333333333331403,0.22477124665522374,12,0.32
0.46666666666664725,0.13518127383994996,12,0.32
0.49999999999998046,0.0807919004666322,12,0.32
0.5333333333333137,0.04843732261171814,12,0.32
0.5666666666666469,0.029097684463499536,12,0.32
0.5999999999999801,0.01743218177480995,12,0.32
0.6333333333333133,0.010362169895866412,12,0.32
0.6666666666666465,0.0060845990988796705,12,0.32
0.6999999999999797,0.003516649737392142,12,0.32
0.733333333333313,0.001994771188671165,12,0.32
0.7666666666666462,0.0011079841742460158,12,0.32
0.7999999999999794,0.0006015427440118924,12,0.32
0.8333333333333126,0.00031876591519039486,12,0.32
0.8666666666666458,0.00016468727568347063,12,0.32
0.899999999999979,8.287898722843899e-05,12,0.32
0.9333333333333123,4.059935369742305e-05,12,0.32
0.9666666666666455,1.9348179196531466e-05,12,0.32
0.9999999999999787,8.966228624273943e-06,12,0.32
1.033333333333312,4.038912890711424e-06,12,0.32
1.0666666666666451,1.7679265745892839e-06,12,0.32
1.0999999999999783,7.517706526948299e-07,12,0.32
1.1333333333333115,3.1046668632833363e-07,12,0.32
1.1666666666666448,1.2449363622884636e-07,12,0.32
1.199999999999978,4.8459647630516816e-08,12,0.32
1.2333333333333112,1.830693626455132e-08,12,0.32
1.2666666666666444,6.710530296741636e-09,12,0.32
1.2999999999999776,2.386211155057492e-09,12,0.32
1.3333333333333108,8.229593717723196e-10,12,0.32
1.366666666666644,2.7521594771567824e-10,12,0.32
1.3999999999999773,8.922864582131085e-11,12,0.32
1.4333333333333105,2.8040265268264743e-11,12,0.32
1.4666666666666437,8.539266475360408e-12,12,0.32
1.499999999999977,2.519621035663262e-12,12,0.32
1.5333333333333101,7.201846416655675e-13,12,0.32
1.5666666666666433,1.9937307647809743e-13,12,0.32
1.5999999999999766,5.344728309388151e-14,12,0.32
1.6333333333333098,1.3872225395658167e-14,12,0.32
1.666666666666643,3.4854227596716406e-15,12,0.32
1.6999999999999762,8.475857222731289e-16,12,0.32
1.7333333333333094,1.9946342577083565e-16,12,0.32
1.7666666666666426,4.5418170883870225e-17,12,0.32
1.7999999999999758,1.000508104469583e-17,12,0.32
1.833333333333309,2.131948370208883e-18,12,0.32
1.8666666666666423,4.393806710830951e-19,12,0.32
1.8999999999999755,8.757074792874506e-20,12,0.32
1.9333333333333087,1.6876375933493758e-20,12,0.32
1.966666666666642,3.1445028262258826e-21,12,0.32
1.9999999999999751,5.664094794433005e-22,12,0.32
2.0333333333333083,9.862117483242293e-23,12,0.32
2.0666666666666416,1.6596964211217475e-23,12,0.32
2.0999999999999748,2.6993914777668976e-24,12,0.32
2.133333333333308,4.242714942153699e-25,12,0.32
2.166666666666641,6.443572134106083e-26,12,0.32
2.1999999999999744,9.455412224466542e-27,12,0.32
2.2333333333333076,1.3405195140101695e-27,12,0.32
2.266666666666641,1.8360077044430884e-28,12,0.32
2.299999999999974,2.429159691343214e-29,12,0.32
2.3333333333333073,3.104495388901315e-30,12,0.32
2.3666666666666405,3.8322524956382968e-31,12,0.32
2.3999999999999737,4.569004795889203e-32,12,0.32
2.433333333333307,5.261035082961992e-33,12,0.32
2.46666666666664,5.850350750118768e-34,12,0.32
2.4999999999999734,6.282522490267578e-35,12,0.32
2.5333333333333066,6.514921269630504e-36,12,0.32
2.56666666666664,6.523639321767638e-37,12,0.32
2.599999999999973,6.307541589143443e-38,12,0.32
2.633333333333306,5.888497527875136e-39,12,0.32
2.6666666666666394,5.307729851580469e-40,12,0.32
2.6999999999999726,4.61912500642468e-41,12,0.32
2.733333333333306,3.8810096229575926e-42,12,0.32
2.766666666666639,3.14812618892156e-43,12,0.32
2.7999999999999723,2.4653070545776316e-44,12,0.32
2.8333333333333055,1.8637650024670612e-45,12,0.32
2.8666666666666387,1.3602006362618244e-46,12,0.32
2.899999999999972,9.582913032829892e-48,12,0.32
2.933333333333305,6.51728213557865e-49,12,0.32
2.9666666666666384,4.27860406139488e-50,12,0.32
2.9999999999999716,2.7114212258912463e-51,12,0.32
3.033333333333305,1.6586104427270806e-52,12,0.32
3.066666666666638,9.793500679209638e-54,12,0.32
3.0999999999999712,5.581767568683615e-55,12,0.32
3.1333333333333044,3.0707200909643193e-56,12,0.32
3.1666666666666377,1.6305654624685238e-57,12,0.32
3.199999999999971,8.357203037916264e-59,12,0.32
3.233333333333304,4.1343179766880655e-60,12,0.32
3.2666666666666373,1.9740711905859118e-61,12,0.32
3.2999999999999705,9.097746757850583e-63,12,0.32
3.3333333333333037,4.0468147601797426e-64,12,0.32
3.366666666666637,1.7373921343194093e-65,12,0.32
3.39999999999997,7.1992001229986e-67,12,0.32
3.4333333333333034,2.8791848670962546e-68,12,0.32
3.4666666666666366,1.1113503882541277e-69,12,0.32
3.49999999999997,4.140244957745916e-71,12,0.32
3.533333333333303,1.4886487824510526e-72,12,0.32
3.5666666666666362,5.165916695561793e-74,12,0.32
3.5999999999999694,1.7301725157430304e-75,12,0.32
3.6333333333333027,5.592633179828439e-77,12,0.32
3.666666666666636,1.744722518453896e-78,12,0.32
3.699999999999969,5.253125976979844e-80,12,0.32
3.7333333333333023,1.5264729440847464e-81,12,0.32
3.7666666666666355,4.2809365067017674e-83,12,0.32
3.7999999999999687,1.1586852460730614e-84,12,0.32
3.833333333333302,3.026689777179402e-86,12,0.32
3.866666666666635,7.630357739480895e-88,12,0.32
3.8999999999999684,1.856501660132333e-89,12,0.32
3.9333333333333016,4.3593145507368464e-91,12,0.32
3.966666666666635,9.878989784991554e-93,12,0.32
3.999999999999968,2.1606152458588666e-94,12,0.32
4.033333333333301,4.5604959502112785e-96,12,0.32
4.0666666666666345,9.289999172604674e-98,12,0.32
4.099999999999968,1.8263647505706293e-99,12,0.32
4.133333333333301,3.4651889836302145e-101,12,0.32
4.166666666666634,6.345024068293365e-103,12,0.32
4.199999999999967,1.1212590949801581e-104,12,0.32
4.2333333333333005,1.9122492350597568e-106,12,0.32
4.266666666666634,3.1473737485513758e-108,12,0.32
4.299999999999967,4.9993894974358525e-110,12,0.32
4.3333333333333,7.663903401930096e-112,12,0.32
4.366666666666633,1.133827677736359e-113,12,0.32
4.399999999999967,1.6188540212290635e-115,12,0.32
4.4333333333333,2.2306506997552806e-117,12,0.32
4.466666666666633,2.9663224918308434e-119,12,0.32
4.499999999999966,3.806867554929264e-121,12,0.32
4.5333333333332995,4.7149760366140094e-123,12,0.32
4.566666666666633,5.635770041761684e-125,12,0.32
4.599999999999966,6.501129860380587e-127,12,0.32
4.633333333333299,7.237456872126076e-129,12,0.32
4.666666666666632,7.775789419703251e-131,12,0.32
4.6999999999999655,8.062396371163383e-133,12,0.32
4.733333333333299,8.067607585503622e-135,12,0.32
4.766666666666632,7.790873921612871e-137,12,0.32
4.799999999999965,7.260862536522638e-139,12,0.32
4.833333333333298,6.530564592620129e-141,12,0.32
4.866666666666632,5.668570847447645e-143,12,0.32
4.899999999999965,4.748502074017304e-145,12,0.32
4.933333333333298,3.838837831492544e-147,12,0.32
4.966666666666631,2.9950416559646768e-149,12,0.32
4.9999999999999645,2.2551009007541727e-151,12,0.32
-5.0,1.1358012014399048e-151,13,0.3466666666666667
-4.966666666666667,1.9194197351049136e-147,13,0.3466666666666667
-4.933333333333334,2.3744007809434646e-145,13,0.3466666666666667
-4.9,2.8344773656004873e-143,13,0.3466666666666667
-4.866666666666667,3.26551972139743e-141,13,0.3466666666666667
-4.833333333333334,3.630714696785529e-139,13,0.3466666666666667
-4.800000000000001,3.8957634890165797e-137,13,0.3466666666666667
-4.7666666666666675,4.034166835858686e-135,13,0.3466666666666667
-4.733333333333334,4.031587729258063e-133,13,0.3466666666666667
-4.700000000000001,3.888298090212113e-131,13,0.3466666666666667
-4.666666666666668,3.619131555864109e-129,13,0.3466666666666667
-4.633333333333335,3.2509537196457563e-127,13,0.3466666666666667
-4.600000000000001,2.818246893711152e-125,13,0.3466666666666667
-4.566666666666668,2.3578130747890333e-123,13,0.3466666666666667
-4.533333333333335,1.9037155659578466e-121,13,0.3466666666666667
-4.500000000000002,1.4833969947104222e-119,13,0.3466666666666667
-4.466666666666669,1.1155156932502504e-117,13,0.3466666666666667
-4.433333333333335,8.095753267354417e-116,13,0.3466666666666667
-4.400000000000002,5.670253714006047e-114,13,0.3466666666666667
-4.366666666666669,3.832761127958559e-112,13,0.3466666666666667
-4.333333333333336,2.5002616625457084e-110,13,0.3466666666666667
-4.3000000000000025,1.5740700694388494e-108,13,0.3466666666666667
-4.266666666666669,9.56374587000564e-107,13,0.3466666666666667
-4.233333333333336,5.607869161750837e-105,13,0.3466666666666667
-4.200000000000003,3.1734681587505925e-103,13,0.3466666666666667
-4.16666666666667,1.7331551213552567e-101,13,0.3466666666666667
-4.133333333333336,9.134996264848863e-100,13,0.3466666666666667
-4.100000000000003,4.646732180774868e-98,13,0.3466666666666667
-4.06666666666667,2.281161157471521e-96,13,0.3466666666666667
-4.033333333333337,1.0807721228836398e-94,13,0.3466666666666667
-4.0000000000000036,4.9417751404507965e-93,13,0.3466666666666667
-3.9666666666666703,2.180737582982612e-91,13,0.3466666666666667
-3.933333333333337,9.287447795517204e-90,13,0.3466666666666667
-3.900000000000004,3.8173585270007334e-88,13,0.3466666666666667
-3.8666666666666707,1.5142731394138696e-86,13,0.3466666666666667
-3.8333333333333375,5.797241409212635e-85,13,0.3466666666666667
-3.8000000000000043,2.1419815982312537e-83,13,0.3466666666666667
-3.766666666666671,7.638158146625218e-82,13,0.3466666666666667
-3.733333333333338,2.6287034567334087e-80,13,0.3466666666666667
-3.7000000000000046,8.73124495695739e-79,13,0.3466666666666667
-3.6666666666666714,2.7989431528924424e-77,13,0.3466666666666667
-3.633333333333338,8.65958619127591e-76,13,0.3466666666666667
-3.600000000000005,2.5857546643614747e-74,13,0.3466666666666667
-3.5666666666666718,7.451894774807493e-73,13,0.3466666666666667
-3.5333333333333385,2.072705437213431e-71,13,0.3466666666666667
-3.5000000000000053,5.564195185163436e-70,13,0.3466666666666667
-3.466666666666672,1.4416625560220405e-68,13,0.3466666666666667
-3.433333333333339,3.60515681342827e-67,13,0.3466666666666667
-3.4000000000000057,8.701356595903088e-66,13,0.3466666666666667
-3.3666666666666725,2.0270069801446255e-64,13,0.3466666666666667
-3.3333333333333393,4.557560339581853e-63,13,0.3466666666666667
-3.300000000000006,9.890590026698396e-62,13,0.3466666666666667
-3.266666666666673,2.071707861716299e-60,13,0.3466666666666667
-3.2333333333333396,4.188471874897722e-59,13,0.3466666666666667
-3.2000000000000064,8.173498902200373e-58,13,0.3466666666666667
-3.166666666666673,1.5395386469963223e-56,13,0.3466666666666667
-3.13333333333334,2.7990366116455507e-55,13,0.3466666666666667
-3.1000000000000068,4.912103940044756e-54,13,0.3466666666666667
-3.0666666666666735,8.320961051453957e-53,13,0.3466666666666667
-3.0333333333333403,1.3606073632812018e-51,13,0.3466666666666667
-3.000000000000007,2.1475950829047824e-50,13,0.3466666666666667
-2.966666666666674,3.2721981739093735e-49,13,0.3466666666666667
-2.9333333333333407,4.81284953670822e-48,13,0.3466666666666667
-2.9000000000000075,6.833589591967857e-47,13,0.3466666666666667
-2.8666666666666742,9.366739577473455e-46,13,0.3466666666666667
-2.833333333333341,1.239454530466737e-44,13,0.3466666666666667
-2.800000000000008,1.5833819194688523e-43,13,0.3466666666666667
-2.7666666666666746,1.9528313467464837e-42,13,0.3466666666666667
-2.7333333333333414,2.3253031341508534e-41,13,0.3466666666666667
-2.700000000000008,2.6732699738981253e-40,13,0.3466666666666667
-2.666666666666675,2.967344388962123e-39,13,0.3466666666666667
-2.6333333333333417,3.180309443821646e-38,13,0.3466666666666667
-2.6000000000000085,3.291262148515072e-37,13,0.3466666666666667
-2.5666666666666753,3.2889983427529486e-36,13,0.3466666666666667
-2.533333333333342,3.17387944173502e-35,13,0.3466666666666667
-2.500000000000009,2.9577499814005285e-34,13,0.3466666666666667
-2.4666666666666757,2.661930153926139e-33,13,0.3466666666666667
-2.4333333333333425,2.3137541516899022e-32,13,0.3466666666666667
-2.4000000000000092,1.9424314232295844e-31,13,0.3466666666666667
-2.366666666666676,1.575092718426622e-30,13,0.3466666666666667
-2.333333333333343,1.2337411081471144e-29,13,0.3466666666666667
-2.3000000000000096,9.335263291640529e-29,13,0.3466666666666667
-2.2666666666666764,6.824055554603639e-28,13,0.3466666666666667
-2.233333333333343,4.8195064974454694e-27,13,0.3466666666666667
-2.20000000000001,3.2888120427468695e-26,13,0.3466666666666667
-2.1666666666666767,2.1686345321948645e-25,13,0.3466666666666667
-2.1333333333333435,1.3819135995512758e-24,13,0.3466666666666667
-2.1000000000000103,8.510617852700075e-24,13,0.3466666666666667
-2.066666666666677,5.06602831549996e-23,13,0.3466666666666667
-2.033333333333344,2.915032218267204e-22,13,0.3466666666666667
-2.0000000000000107,1.6215620005262147e-21,13,0.3466666666666667
-1.9666666666666774,8.72139270645306e-21,13,0.3466666666666667
-1.9333333333333442,4.5357625377406566e-20,13,0.3466666666666667
-1.900000000000011,2.281285235079053e-19,13,0.3466666666666667
-1.8666666666666778,1.1097595590669537e-18,13,0.3466666666666667
-1.8333333333333446,5.222230857880803e-18,13,0.3466666666666667
-1.8000000000000114,2.3775059626999084e-17,13,0.3466666666666667
-1.7666666666666782,1.047342534075576e-16,13,0.3466666666666667
-1.733333333333345,4.465019465770714e-16,13,0.3466666666666667
-1.7000000000000117,1.8424430927067844e-15,13,0.3466666666666667
-1.6666666666666785,7.359905558783756e-15,13,0.3466666666666667
-1.6333333333333453,2.8466352924399765e-14,13,0.3466666666666667
-1.600000000000012,1.0662265090697055e-13,13,0.3466666666666667
-1.5666666666666789,3.868159620253784e-13,13,0.3466666666666667
-1.5333333333333456,1.3594970521413023e-12,13,0.3466666666666667
-1.5000000000000124,4.629725517791022e-12,13,0.3466666666666667
-1.4666666666666792,1.5279942757630682e-11,13,0.3466666666666667
-1.433333333333346,4.8883952579573884e-11,13,0.3466666666666667
-1.4000000000000128,1.516280762964818e-10,13,0.3466666666666667
-1.3666666666666796,4.5609376983979395e-10,13,0.3466666666666667
-1.3333333333333464,1.3307117818594872e-09,13,0.3466666666666667
-1.3000000000000131,3.766732565996197e-09,13,0.3466666666666667
-1.26666666666668,1.0346494030030895e-08,13,0.3466666666666667
-1.2333333333333467,2.7584603869247774e-08,13,0.3466666666666667
-1.2000000000000135,7.139751602593057e-08,13,0.3466666666666667
-1.1666666666666803,1.7944831676886124e-07,13,0.3466666666666667
-1.133333333333347,4.380573578638691e-07,13,0.3466666666666667
-1.1000000000000139,1.0388425088631413e-06,13,0.3466666666666667
-1.0666666666666806,2.393763785963109e-06,13,0.3466666666666667
-1.0333333333333474,5.360454244039716e-06,13,0.3466666666666667
-1.0000000000000142,1.1667334376303512e-05,13,0.3466666666666667
-0.966666666666681,2.4684891245388803e-05,13,0.3466666666666667
-0.9333333333333478,5.076813670014394e-05,13,0.3466666666666667
-0.9000000000000146,0.00010149055003906214,13,0.3466666666666667
-0.8666666666666814,0.00019718054827538227,13,0.3466666666666667
-0.8333333333333481,0.00037220966903129973,13,0.3466666666666667
-0.8000000000000149,0.0006823851633123698,13,0.3466666666666667
-0.7666666666666817,0.0012144615120073061,13,0.3466666666666667
-0.7333333333333485,0.002097115638740441,13,0.3466666666666667
-0.7000000000000153,0.0035117411789866056,13,0.3466666666666667
-0.6666666666666821,0.005700325348711974,13,0.3466666666666667
-0.6333333333333488,0.008966947503099117,13,0.3466666666666667
-0.6000000000000156,0.013669687689316382,13,0.3466666666666667
-0.5666666666666824,0.02020137472651693,13,0.3466666666666667
-0.5333333333333492,0.028960464800550888,13,0.3466666666666667
-0.500000000000016,0.0403164931129872,13,0.3466666666666667
-0.4666666666666828,0.0545766316809332,13,0.3466666666666667
-0.43333333333334956,0.07195988779046042,13,0.3466666666666667
-0.40000000000001634,0.09258333533381813,13,0.3466666666666667
-0.3666666666666831,0.11646145156952036,13,0.3466666666666667
-0.3333333333333499,0.14351651317478187,13,0.3466666666666667
-0.3000000000000167,0.1735961180761762,13,0.3466666666666667
-0.2666666666666835,0.20649352018934047,13,0.3466666666666667
-0.23333333333335027,0.24196721713352767,13,0.3466666666666667
-0.20000000000001705,0.2797574948245869,13,0.3466666666666667
-0.16666666666668384,0.319598855389992,13,0.3466666666666667
-0.13333333333335062,0.36122814910743234,13,0.3466666666666667
-0.10000000000001741,0.4043887080857581,13,0.3466666666666667
-0.0666666666666842,0.4488308326219629,13,0.3466666666666667
-0.03333333333335098,0.4943088177030618,13,0.3466666666666667
-1.7763568394002505e-14,0.5405738902989579,13,0.3466666666666667
0.03333333333331545,0.5873612918938484,13,0.3466666666666667
0.06666666666664867,0.6343669392365736,13,0.3466666666666667
0.09999999999998188,0.6812014751270951,13,0.3466666666666667
0.1333333333333151,0.7272956211337809,13,0.3466666666666667
0.1666666666666483,0.771678742741486,13,0.3466666666666667
0.19999999999998153,0.8124448588750453,13,0.3466666666666667
0.23333333333331474,0.8454054809626749,13,0.3466666666666667
0.26666666666664796,0.8610344244477175,13,0.3466666666666667
0.29999999999998117,0.8401143835188921,13,0.3466666666666667
0.3333333333333144,0.7573734172549083,13,0.3466666666666667
0.3666666666666476,0.6074121682477595,13,0.3466666666666667
0.3999999999999808,0.42746143900386896,13,0.3466666666666667
0.43333333333331403,0.2705190918646998,13,0.3466666666666667
0.46666666666664725,0.16158052998931463,13,0.3466666666666667
0.49999999999998046,0.09499485874087403,13,0.3466666666666667
0.5333333333333137,0.05608092365304043,13,0.3466666666666667
0.5666666666666469,0.03334321084533637,13,0.3466666666666667
0.5999999999999801,0.019877787314920292,13,0.3466666666666667
0.6333333333333133,0.011811762159891997,13,0.3466666666666667
0.6666666666666465,0.006958411364544337,13,0.3466666666666667
0.6999999999999797,0.004046293790595205,13,0.3466666666666667
0.733333333333313,0.002314544795108103,13,0.3466666666666667
0.7666666666666462,0.0012988804180259846,13,0.3466666666666667
0.7999999999999794,0.0007136002481625438,13,0.3466666666666667
0.8333333333333126,0.0003831819562025018,13,0.3466666666666667
0.8666666666666458,0.00020084139976584954,13,0.3466666666666667
0.899999999999979,0.00010264840940869711,13,0.3466666666666667
0.9333333333333123,5.111488212738238e-05,13,0.3466666666666667
0.9666666666666455,2.478310474370148e-05,13,0.3466666666666667
0.9999999999999787,1.169361765146562e-05,13,0.3466666666666667
1.033333333333312,5.367093052969888e-06,13,0.3466666666666667
1.0666666666666451,2.3953449212347717e-06,13,0.3466666666666667
1.0999999999999783,1.0391972362937708e-06,13,0.3466666666666667
1.1333333333333115,4.381322543939279e-07,13,0.3466666666666667
1.1666666666666448,1.794631857876704e-07,13,0.3466666666666667
1.199999999999978,7.140028927940316e-08,13,0.3466666666666667
1.2333333333333112,2.7585089424290474e-08,13,0.3466666666666667
1.2666666666666444,1.0346573775694388e-08,13,0.3466666666666667
1.2999999999999776,3.766744843127768e-09,13,0.3466666666666667
1.3333333333333108,1.3307135525102373e-09,13,0.3466666666666667
1.366666666666644,4.5609400893067524e-10,13,0.3466666666666667
1.3999999999999773,1.51628106506963e-10,13,0.3466666666666667
1.4333333333333105,4.88839561499134e-11,13,0.3466666666666667
1.4666666666666437,1.5279943152119985e-11,13,0.3466666666666667
1.499999999999977,4.629725558527467e-12,13,0.3466666666666667
1.5333333333333101,1.3594970560719414e-12,13,0.3466666666666667
1.5666666666666433,3.8681596237982763e-13,13,0.3466666666666667
1.5999999999999766,1.0662265093688571e-13,13,0.3466666666666667
1.6333333333333098,2.846635292677714e-14,13,0.3466666666666667
1.666666666666643,7.359905558965686e-15,13,0.3466666666666667
1.6999999999999762,1.8424430927212406e-15,13,0.3466666666666667
1.7333333333333094,4.465019465784997e-16,13,0.3466666666666667
1.7666666666666426,1.0473425340776575e-16,13,0.3466666666666667
1.7999999999999758,2.3775059627039553e-17,13,0.3466666666666667
1.833333333333309,5.222230857889463e-18,13,0.3466666666666667
1.8666666666666423,1.109759559068814e-18,13,0.3466666666666667
1.8999999999999755,2.2812852350829443e-19,13,0.3466666666666667
1.9333333333333087,4.5357625377485475e-20,13,0.3466666666666667
1.966666666666642,8.721392706468529e-21,13,0.3466666666666667
1.9999999999999751,1.6215620005291528e-21,13,0.3466666666666667
2.0333333333333083,2.91503221827259e-22,13,0.3466666666666667
2.0666666666666416,5.066028315509491e-23,13,0.3466666666666667
2.0999999999999748,8.510617852716422e-24,13,0.3466666666666667
2.133333333333308,1.3819135995539793e-24,13,0.3466666666666667
2.166666666666641,2.168634532199182e-25,13,0.3466666666666667
2.1999999999999744,3.28881204275355e-26,13,0.3466666666666667
2.2333333333333076,4.8195064974554256e-27,13,0.3466666666666667
2.266666666666641,6.824055554618008e-28,13,0.3466666666666667
2.299999999999974,9.335263291660508e-29,13,0.3466666666666667
2.3333333333333073,1.2337411081497985e-29,13,0.3466666666666667
2.3666666666666405,1.5750927184301036e-30,13,0.3466666666666667
2.3999999999999737,1.9424314232339584e-31,13,0.3466666666666667
2.433333333333307,2.3137541516951954e-32,13,0.3466666666666667
2.46666666666664,2.661930153932334e-33,13,0.3466666666666667
2.4999999999999734,2.9577499814075362e-34,13,0.3466666666666667
2.5333333333333066,3.1738794417426275e-35,13,0.3466666666666667
2.56666666666664,3.288998342760969e-36,13,0.3466666666666667
2.599999999999973,3.2912621485231947e-37,13,0.3466666666666667
2.633333333333306,3.180309443829624e-38,13,0.3466666666666667
2.6666666666666394,2.9673443889696916e-39,13,0.3466666666666667
2.6999999999999726,2.6732699739050225e-40,13,0.3466666666666667
2.733333333333306,2.325303134156948e-41,13,0.3466666666666667
2.766666666666639,1.9528313467516845e-42,13,0.3466666666666667
2.7999999999999723,1.5833819194731154e-43,13,0.3466666666666667
2.8333333333333055,1.239454530470125e-44,13,0.3466666666666667
2.8666666666666387,9.366739577499455e-46,13,0.3466666666666667
2.899999999999972,6.833589591987016e-47,13,0.3466666666666667
2.933333333333305,4.81284953672192e-48,13,0.3466666666666667
2.9666666666666384,3.2721981739187814e-49,13,0.3466666666666667
2.9999999999999716,2.1475950829110756e-50,13,0.3466666666666667
3.033333333333305,1.360607363285228e-51,13,0.3466666666666667
3.066666666666638,8.320961051478821e-53,13,0.3466666666666667
3.0999999999999712,4.912103940059641e-54,13,0.3466666666666667
3.1333333333333044,2.79903661165415e-55,13,0.3466666666666667
3.1666666666666377,1.5395386470011177e-56,13,0.3466666666666667
3.199999999999971,8.17349890222606e-58,13,0.3466666666666667
3.233333333333304,4.188471874911061e-59,13,0.3466666666666667
3.2666666666666373,2.071707861722958e-60,13,0.3466666666666667
3.2999999999999705,9.890590026730458e-62,13,0.3466666666666667
3.3333333333333037,4.5575603395968883e-63,13,0.3466666666666667
3.366666666666637,2.0270069801513705e-64,13,0.3466666666666667
3.39999999999997,8.701356595932528e-66,13,0.3466666666666667
3.4333333333333034,3.605156813440571e-67,13,0.3466666666666667
3.4666666666666366,1.4416625560270002e-68,13,0.3466666666666667
3.49999999999997,5.564195185182894e-70,13,0.3466666666666667
3.533333333333303,2.0727054372207387e-71,13,0.3466666666666667
3.5666666666666362,7.451894774833979e-73,13,0.3466666666666667
3.5999999999999694,2.5857546643708106e-74,13,0.3466666666666667
3.6333333333333027,8.659586191307422e-76,13,0.3466666666666667
3.666666666666636,2.7989431529027093e-77,13,0.3466666666666667
3.699999999999969,8.731244956989904e-79,13,0.3466666666666667
3.7333333333333023,2.628703456743273e-80,13,0.3466666666666667
3.7666666666666355,7.638158146654097e-82,13,0.3466666666666667
3.7999999999999687,2.1419815982394734e-83,13,0.3466666666666667
3.833333333333302,5.797241409235048e-85,13,0.3466666666666667
3.866666666666635,1.514273139419767e-86,13,0.3466666666666667
3.8999999999999684,3.817358527015816e-88,13,0.3466666666666667
3.9333333333333016,9.28744779555416e-90,13,0.3466666666666667
3.966666666666635,2.1807375829913525e-91,13,0.3466666666666667
3.999999999999968,4.941775140470883e-93,13,0.3466666666666667
4.033333333333301,1.0807721228880635e-94,13,0.3466666666666667
4.0666666666666345,2.2811611574809246e-96,13,0.3466666666666667
4.099999999999968,4.6467321807941524e-98,13,0.3466666666666667
4.133333333333301,9.134996264887293e-100,13,0.3466666666666667
4.166666666666634,1.7331551213625974e-101,13,0.3466666666666667
4.199999999999967,3.173468158764212e-103,13,0.3466666666666667
4.2333333333333005,5.6078691617750666e-105,13,0.3466666666666667
4.266666666666634,9.563745870047502e-107,13,0.3466666666666667
4.299999999999967,1.5740700694457844e-108,13,0.3466666666666667
4.3333333333333,2.5002616625567945e-110,13,0.3466666666666667
4.366666666666633,3.8327611279756625e-112,13,0.3466666666666667
4.399999999999967,5.6702537140316726e-114,13,0.3466666666666667
4.4333333333333,8.095753267391233e-116,13,0.3466666666666667
4.466666666666633,1.1155156932553867e-117,13,0.3466666666666667
4.499999999999966,1.4833969947172523e-119,13,0.3466666666666667
4.5333333333332995,1.9037155659667202e-121,13,0.3466666666666667
4.566666666666633,2.3578130748000238e-123,13,0.3466666666666667
4.599999999999966,2.818246893724448e-125,13,0.3466666666666667
4.633333333333299,3.2509537196612786e-127,13,0.3466666666666667
4.666666666666632,3.619131555881596e-129,13,0.3466666666666667
4.6999999999999655,3.8882980902309005e-131,13,0.3466666666666667
4.733333333333299,4.031587729277772e-133,13,0.3466666666666667
4.766666666666632,4.0341668358786374e-135,13,0.3466666666666667
4.799999999999965,3.8957634890360664e-137,13,0.3466666666666667
4.833333333333298,3.630714696803691e-139,13,0.3466666666666667
4.866666666666632,3.265519721413765e-141,13,0.3466666666666667
4.899999999999965,2.834477365615397e-143,13,0.3466666666666667
4.933333333333298,2.3744007890914502e-145,13,0.3466666666666667
4.966666666666631,1.91953167079131e-147,13,0.3466666666666667
4.9999999999999645,1.4976033354929666e-149,13,0.3466666666666667
-5.0,7.544806737536828e-150,14,0.37333333333333335
-4.966666666666667,1.187200958372333e-145,14,0.37333333333333335
-4.933333333333334,1.4173346537869988e-143,14,0.37333333333333335
-4.9,1.632878580737762e-141,14,0.37333333333333335
-4.866666666666667,1.8154990722610445e-139,14,0.37333333333333335
-4.833333333333334,1.9480450204943597e-137,14,0.37333333333333335
-4.800000000000001,2.0172649536641823e-135,14,0.37333333333333335
-4.7666666666666675,2.0159886528034824e-133,14,0.37333333333333335
-4.733333333333334,1.9443507534478494e-131,14,0.37333333333333335
-4.700000000000001,1.8097673573185174e-129,14,0.37333333333333335
-4.666666666666668,1.6256712747273886e-127,14,0.37333333333333335
-4.633333333333335,1.4093044034333693e-125,14,0.37333333333333335
-4.600000000000001,1.179069085080499e-123,14,0.37333333333333335
-4.566666666666668,9.519986953236088e-122,14,0.37333333333333335
-4.533333333333335,7.418163880089506e-120,14,0.37333333333333335
-4.500000000000002,5.578530324034231e-118,14,0.37333333333333335
-4.466666666666669,4.048618332174564e-116,14,0.37333333333333335
-4.433333333333335,2.8356846148496486e-114,14,0.37333333333333335
-4.400000000000002,1.9167853516426472e-112,14,0.37333333333333335
-4.366666666666669,1.2504143439585545e-110,14,0.37333333333333335
-4.333333333333336,7.872266727758226e-109,14,0.37333333333333335
-4.3000000000000025,4.783123065834093e-107,14,0.37333333333333335
-4.266666666666669,2.804721615910138e-105,14,0.37333333333333335
-4.233333333333336,1.5872122666687965e-103,14,0.37333333333333335
-4.200000000000003,8.668579541357159e-102,14,0.37333333333333335
-4.16666666666667,4.569084866503807e-100,14,0.37333333333333335
-4.133333333333336,2.3242326679481117e-98,14,0.37333333333333335
-4.100000000000003,1.1410373285490029e-96,14,0.37333333333333335
-4.06666666666667,5.406183980508586e-95,14,0.37333333333333335
-4.033333333333337,2.472028150804134e-93,14,0.37333333333333335
-4.0000000000000036,1.0909091775527478e-91,14,0.37333333333333335
-3.9666666666666703,4.646194785328828e-90,14,0.37333333333333335
-3.933333333333337,1.909769632291858e-88,14,0.37333333333333335
-3.900000000000004,7.576009420967107e-87,14,0.37333333333333335
-3.8666666666666707,2.900529383869818e-85,14,0.37333333333333335
-3.8333333333333375,1.0717479356853338e-83,14,0.37333333333333335
-3.8000000000000043,3.8219776940172157e-82,14,0.37333333333333335
-3.766666666666671,1.31542271916582e-80,14,0.37333333333333335
-3.733333333333338,4.3694415575520075e-79,14,0.37333333333333335
-3.7000000000000046,1.4007859281745878e-77,14,0.37333333333333335
-3.6666666666666714,4.334158718116434e-76,14,0.37333333333333335
-3.633333333333338,1.2942768037571835e-74,14,0.37333333333333335
-3.600000000000005,3.7302771804993846e-73,14,0.37333333333333335
-3.5666666666666718,1.0376455959388964e-71,14,0.37333333333333335
-3.5333333333333385,2.7858235399691216e-70,14,0.37333333333333335
-3.5000000000000053,7.218676307296269e-69,14,0.37333333333333335
-3.466666666666672,1.8053605043067166e-67,14,0.37333333333333335
-3.433333333333339,4.357886610731654e-66,14,0.37333333333333335
-3.4000000000000057,1.0153060684790269e-64,14,0.37333333333333335
-3.3666666666666725,2.2831308480888778e-63,14,0.37333333333333335
-3.3333333333333393,4.9554300482499205e-62,14,0.37333333333333335
-3.300000000000006,1.0381327110279404e-60,14,0.37333333333333335
-3.266666666666673,2.09918123246221e-59,14,0.37333333333333335
-3.2333333333333396,4.097107990408768e-58,14,0.37333333333333335
-3.2000000000000064,7.7186355943561e-57,14,0.37333333333333335
-3.166666666666673,1.4036050552738755e-55,14,0.37333333333333335
-3.13333333333334,2.4637496632573594e-54,14,0.37333333333333335
-3.1000000000000068,4.174475708785206e-53,14,0.37333333333333335
-3.0666666666666735,6.827597336106232e-52,14,0.37333333333333335
-3.0333333333333403,1.077958021978118e-50,14,0.37333333333333335
-3.000000000000007,1.6429021237710928e-49,14,0.37333333333333335
-2.966666666666674,2.4171627437686338e-48,14,0.37333333333333335
-2.9333333333333407,3.4331557868534754e-47,14,0.37333333333333335
-2.9000000000000075,4.707434036420269e-46,14,0.37333333333333335
-2.8666666666666742,6.231440600293525e-45,14,0.37333333333333335
-2.833333333333341,7.963743295231629e-44,14,0.37333333333333335
-2.800000000000008,9.826129460255755e-43,14,0.37333333333333335
-2.7666666666666746,1.170568476672771e-41,14,0.37333333333333335
-2.7333333333333414,1.3463991436827951e-40,14,0.37333333333333335
-2.700000000000008,1.495298710151816e-39,14,0.37333333333333335
-2.666666666666675,1.6035210717803134e-38,14,0.37333333333333335
-2.6333333333333417,1.6604677962023466e-37,14,0.37333333333333335
-2.6000000000000085,1.6604007185955825e-36,14,0.37333333333333335
-2.5666666666666753,1.6033960316100852e-35,14,0.37333333333333335
-2.533333333333342,1.495319982414029e-34,14,0.37333333333333335
-2.500000000000009,1.3468344741717445e-33,14,0.37333333333333335
-2.4666666666666757,1.1716658257519537e-32,14,0.37333333333333335
-2.4333333333333425,9.845253623844229e-32,14,0.37333333333333335
-2.4000000000000092,7.991151299717606e-31,14,0.37333333333333335
-2.366666666666676,6.2658271118970515e-30,14,0.37333333333333335
-2.333333333333343,4.7463862817415954e-29,14,0.37333333333333335
-2.3000000000000096,3.4737148327091754e-28,14,0.37333333333333335
-2.2666666666666764,2.4564295651809374e-27,14,0.37333333333333335
-2.233333333333343,1.678526299146453e-26,14,0.37333333333333335
-2.20000000000001,1.1084147985846597e-25,14,0.37333333333333335
-2.1666666666666767,7.074008599893723e-25,14,0.37333333333333335
-2.1333333333333435,4.363740652959781e-24,14,0.37333333333333335
-2.1000000000000103,2.6021098377275438e-23,14,0.37333333333333335
-2.066666666666677,1.5000691983971025e-22,14,0.37333333333333335
-2.033333333333344,8.361111418406071e-22,14,0.37333333333333335
-2.0000000000000107,4.5064479641398904e-21,14,0.37333333333333335
-1.9666666666666774,2.348959368896639e-20,14,0.37333333333333335
-1.9333333333333442,1.1842495810717918e-19,14,0.37333333333333335
-1.900000000000011,5.775585922221801e-19,14,0.37333333333333335
-1.8666666666666778,2.725179690694354e-18,14,0.37333333333333335
-1.8333333333333446,1.2442409593033018e-17,14,0.37333333333333335
-1.8000000000000114,5.4978242132719204e-17,14,0.37333333333333335
-1.7666666666666782,2.351385031020352e-16,14,0.37333333333333335
-1.733333333333345,9.735886730571704e-16,14,0.37333333333333335
-1.7000000000000117,3.903203752680403e-15,14,0.37333333333333335
-1.6666666666666785,1.5154398008553115e-14,14,0.37333333333333335
-1.6333333333333453,5.69912782328749e-14,14,0.37333333333333335
-1.600000000000012,2.0764115747485933e-13,14,0.37333333333333335
-1.5666666666666789,7.330598515237691e-13,14,0.37333333333333335
-1.5333333333333456,2.508270739903943e-12,14,0.37333333333333335
-1.5000000000000124,8.319719904839667e-12,14,0.37333333333333335
-1.4666666666666792,2.675683904820881e-11,14,0.37333333333333335
-1.433333333333346,8.345400952250471e-11,14,0.37333333333333335
-1.4000000000000128,2.5248886116855755e-10,14,0.37333333333333335
-1.3666666666666796,7.41169928728424e-10,14,0.37333333333333335
-1.3333333333333464,2.1114131651219452e-09,14,0.37333333333333335
-1.3000000000000131,5.8386028848893625e-09,14,0.37333333333333335
-1.26666666666668,1.5675668068277567e-08,14,0.37333333333333335
-1.2333333333333467,4.0872004029869656e-08,14,0.37333333333333335
-1.2000000000000135,1.0351645403089691e-07,14,0.37333333333333335
-1.1666666666666803,2.5472739958557113e-07,14,0.37333333333333335
-1.133333333333347,6.091452034175893e-07,14,0.37333333333333335
-1.1000000000000139,1.4159094642713264e-06,14,0.37333333333333335
-1.0666666666666806,3.19964284539624e-06,14,0.37333333333333335
-1.0333333333333474,7.030523001816034e-06,14,0.37333333333333335
-1.0000000000000142,1.502255662283704e-05,14,0.37333333333333335
-0.966666666666681,3.1217247282821216e-05,14,0.37333333333333335
-0.9333333333333478,6.308578244464718e-05,14,0.37333333333333335
-0.9000000000000146,0.00012396708193478028,14,0.37333333333333335
-0.8666666666666814,0.0002368244615939863,14,0.37333333333333335
-0.8333333333333481,0.0004396975019253779,14,0.37333333333333335
-0.8000000000000149,0.0007930683151740177,14,0.37333333333333335
-0.7666666666666817,0.001388963952128177,14,0.37333333333333335
-0.7333333333333485,0.002360929863628147,14,0.37333333333333335
-0.7000000000000153,0.003893101330710424,14,0.37333333333333335
-0.6666666666666821,0.006225729576759833,14,0.37333333333333335
-0.6333333333333488,0.009654133188525722,14,0.37333333333333335
-0.6000000000000156,0.01451862323614446,14,0.37333333333333335
-0.5666666666666824,0.021184706612945536,14,0.37333333333333335
-0.5333333333333492,0.030015469104534388,14,0.37333333333333335
-0.500000000000016,0.04134056819990758,14,0.37333333333333335
-0.4666666666666828,0.055427629284946586,14,0.37333333333333335
-0.43333333333334956,0.07246137045619606,14,0.37333333333333335
-0.40000000000001634,0.09253366082981758,14,0.37333333333333335
-0.3666666666666831,0.11564486113983738,14,0.37333333333333335
-0.3333333333333499,0.14171431632096068,14,0.37333333333333335
-0.3000000000000167,0.17059649981679353,14,0.37333333333333335
-0.2666666666666835,0.20209916321360674,14,0.37333333333333335
-0.23333333333335027,0.23600057110089503,14,0.37333333333333335
-0.20000000000001705,0.27206397742190996,14,0.37333333333333335
-0.16666666666668384,0.31004851800659905,14,0.37333333333333335
-0.13333333333335062,0.34971642196573993,14,0.37333333333333335
-0.10000000000001741,0.390836822743789,14,0.37333333333333335
-0.0666666666666842,0.4331865668880639,14,0.37333333333333335
-0.03333333333335098,0.4765481585482953,14,0.37333333333333335
-1.7763568394002505e-14,0.5207046388072127,14,0.37333333333333335
0.03333333333331545,0.56543015822308,14,0.37333333333333335
0.06666666666664867,0.6104729510104477,14,0.37333333333333335
0.09999999999998188,0.6555237788003785,14,0.37333333333333335
0.1333333333333151,0.7001495824775404,14,0.37333333333333335
0.1666666666666483,0.743648694365989,14,0.37333333333333335
0.19999999999998153,0.7846976428035501,14,0.37333333333333335
0.23333333333331474,0.8204769153870773,14,0.37333333333333335
0.26666666666664796,0.8445435822100642,14,0.37333333333333335
0.29999999999998117,0.8427570782352398,14,0.37333333333333335
0.3333333333333144,0.7911318029353025,14,0.37333333333333335
0.3666666666666476,0.6705956703952124,14,0.37333333333333335
0.3999999999999808,0.4981194226706581,14,0.37333333333333335
0.43333333333331403,0.3258439873293179,14,0.37333333333333335
0.46666666666664725,0.19558828647800758,14,0.37333333333333335
0.49999999999998046,0.11342336635594746,14,0.37333333333333335
0.5333333333333137,0.06575148548864962,14,0.37333333333333335
0.5666666666666469,0.03852934419782855,14,0.37333333333333335
0.5999999999999801,0.022771936899445122,14,0.37333333333333335
0.6333333333333133,0.013487440727696112,14,0.37333333333333335
0.6666666666666465,0.00795365702162001,14,0.37333333333333335
0.6999999999999797,0.004645090554048151,14,0.37333333333333335
0.733333333333313,0.00267552418493049,14,0.37333333333333335
0.7666666666666462,0.0015150421000942004,14,0.37333333333333335
0.7999999999999794,0.0008413392394999976,14,0.37333333333333335
0.8333333333333126,0.0004573146015734602,14,0.37333333333333335
0.8666666666666458,0.00024294244114872045,14,0.37333333333333335
0.899999999999979,0.00012598568585395296,14,0.37333333333333335
0.9333333333333123,6.371774157493397e-05,14,0.37333333333333335
0.9666666666666455,3.1404745087520226e-05,14,0.37333333333333335
0.9999999999999787,1.5075215977654264e-05,14,0.37333333333333335
1.033333333333312,7.0445074869534935e-06,14,0.37333333333333335
1.0666666666666451,3.2031506897832177e-06,14,0.37333333333333335
1.0999999999999783,1.4167396969578337e-06,14,0.37333333333333335
1.1333333333333115,6.093304205854928e-07,14,0.37333333333333335
1.1666666666666448,2.5476630920903974e-07,14,0.37333333333333335
1.199999999999978,1.0352414389520002e-07,14,0.37333333333333335
1.2333333333333112,4.0873432525738716e-08,14,0.37333333333333335
1.2666666666666444,1.567591728305888e-08,14,0.37333333333333335
1.2999999999999776,5.838643685158471e-09,14,0.37333333333333335
1.3333333333333108,2.111419428825291e-09,14,0.37333333333333335
1.366666666666644,7.411708298581616e-10,14,0.37333333333333335
1.3999999999999773,2.5248898258142077e-10,14,0.37333333333333335
1.4333333333333105,8.345402483409301e-11,14,0.37333333333333335
1.4666666666666437,2.6756840854694076e-11,14,0.37333333333333335
1.499999999999977,8.319720104142288e-12,14,0.37333333333333335
1.5333333333333101,2.5082707604579045e-12,14,0.37333333333333335
1.5666666666666433,7.330598535047809e-13,14,0.37333333333333335
1.5999999999999766,2.0764115765333215e-13,14,0.37333333333333335
1.6333333333333098,5.699127824792795e-14,14,0.37333333333333335
1.666666666666643,1.5154398009749353e-14,14,0.37333333333333335
1.6999999999999762,3.903203752772104e-15,14,0.37333333333333335
1.7333333333333094,9.735886730645037e-16,14,0.37333333333333335
1.7666666666666426,2.351385031027697e-16,14,0.37333333333333335
1.7999999999999758,5.4978242132827604e-17,14,0.37333333333333335
1.833333333333309,1.2442409593054183e-17,14,0.37333333333333335
1.8666666666666423,2.7251796906988785e-18,14,0.37333333333333335
1.8999999999999755,5.775585922231497e-19,14,0.37333333333333335
1.9333333333333087,1.1842495810738147e-19,14,0.37333333333333335
1.966666666666642,2.3489593689007314e-20,14,0.37333333333333335
1.9999999999999751,4.506447964147894e-21,14,0.37333333333333335
2.0333333333333083,8.361111418421239e-22,14,0.37333333333333335
2.0666666666666416,1.5000691983998772e-22,14,0.37333333333333335
2.0999999999999748,2.6021098377324444e-23,14,0.37333333333333335
2.133333333333308,4.36374065296817e-24,14,0.37333333333333335
2.166666666666641,7.074008599907574e-25,14,0.37333333333333335
2.1999999999999744,1.1084147985868681e-25,14,0.37333333333333335
2.2333333333333076,1.678526299149865e-26,14,0.37333333333333335
2.266666666666641,2.4564295651860153e-27,14,0.37333333333333335
2.299999999999974,3.473714832716494e-28,14,0.37333333333333335
2.3333333333333073,4.746386281751759e-29,14,0.37333333333333335
2.3666666666666405,6.26582711191069e-30,14,0.37333333333333335
2.3999999999999737,7.991151299735278e-31,14,0.37333333333333335
2.433333333333307,9.845253623866409e-32,14,0.37333333333333335
2.46666666666664,1.1716658257546354e-32,14,0.37333333333333335
2.4999999999999734,1.3468344741748801e-33,14,0.37333333333333335
2.5333333333333066,1.495319982417573e-34,14,0.37333333333333335
2.56666666666664,1.6033960316139297e-35,14,0.37333333333333335
2.599999999999973,1.6604007185996327e-36,14,0.37333333333333335
2.633333333333306,1.6604677962064457e-37,14,0.37333333333333335
2.6666666666666394,1.603521071784337e-38,14,0.37333333333333335
2.6999999999999726,1.4952987101556305e-39,14,0.37333333333333335
2.733333333333306,1.3463991436862696e-40,14,0.37333333333333335
2.766666666666639,1.1705684766758396e-41,14,0.37333333333333335
2.7999999999999723,9.82612946028193e-43,14,0.37333333333333335
2.8333333333333055,7.963743295253075e-44,14,0.37333333333333335
2.8666666666666387,6.23144060031056e-45,14,0.37333333333333335
2.899999999999972,4.707434036433337e-46,14,0.37333333333333335
2.933333333333305,3.4331557868631016e-47,14,0.37333333333333335
2.9666666666666384,2.4171627437755155e-48,14,0.37333333333333335
2.9999999999999716,1.6429021237758168e-49,14,0.37333333333333335
3.033333333333305,1.0779580219812773e-50,14,0.37333333333333335
3.066666666666638,6.827597336126438e-52,14,0.37333333333333335
3.0999999999999712,4.174475708797681e-53,14,0.37333333333333335
3.1333333333333044,2.463749663264826e-54,14,0.37333333333333335
3.1666666666666377,1.403605055278188e-55,14,0.37333333333333335
3.199999999999971,7.718635594380144e-57,14,0.37333333333333335
3.233333333333304,4.0971079904216446e-58,14,0.37333333333333335
3.2666666666666373,2.099181232468896e-59,14,0.37333333333333335
3.2999999999999705,1.0381327110312774e-60,14,0.37333333333333335
3.3333333333333037,4.955430048265986e-62,14,0.37333333333333335
3.366666666666637,2.2831308480964105e-63,14,0.37333333333333335
3.39999999999997,1.0153060684824056e-64,14,0.37333333333333335
3.4333333333333034,4.357886610746399e-66,14,0.37333333333333335
3.4666666666666366,1.805360504312877e-67,14,0.37333333333333335
3.49999999999997,7.218676307321105e-69,14,0.37333333333333335
3.533333333333303,2.785823539978864e-70,14,0.37333333333333335
3.5666666666666362,1.0376455959425547e-71,14,0.37333333333333335
3.5999999999999694,3.730277180512643e-73,14,0.37333333333333335
3.6333333333333027,1.2942768037618566e-74,14,0.37333333333333335
3.666666666666636,4.334158718132206e-76,14,0.37333333333333335
3.699999999999969,1.4007859281797263e-77,14,0.37333333333333335
3.7333333333333023,4.369441557568279e-79,14,0.37333333333333335
3.7666666666666355,1.3154227191707562e-80,14,0.37333333333333335
3.7999999999999687,3.821977694031666e-82,14,0.37333333333333335
3.833333333333302,1.0717479356894465e-83,14,0.37333333333333335
3.866666666666635,2.900529383881032e-85,14,0.37333333333333335
3.8999999999999684,7.576009420996613e-87,14,0.37333333333333335
3.9333333333333016,1.9097696322994038e-88,14,0.37333333333333335
3.966666666666635,4.646194785347316e-90,14,0.37333333333333335
3.999999999999968,1.0909091775571203e-91,14,0.37333333333333335
4.033333333333301,2.472028150814182e-93,14,0.37333333333333335
4.0666666666666345,5.4061839805307144e-95,14,0.37333333333333335
4.099999999999968,1.1410373285537068e-96,14,0.37333333333333335
4.133333333333301,2.3242326679577574e-98,14,0.37333333333333335
4.166666666666634,4.5690848665230287e-100,14,0.37333333333333335
4.199999999999967,8.668579541393875e-102,14,0.37333333333333335
4.2333333333333005,1.5872122666756085e-103,14,0.37333333333333335
4.266666666666634,2.804721615922256e-105,14,0.37333333333333335
4.299999999999967,4.783123065855029e-107,14,0.37333333333333335
4.3333333333333,7.872266727792909e-109,14,0.37333333333333335
4.366666666666633,1.2504143439640988e-110,14,0.37333333333333335
4.399999999999967,1.9167853516512008e-112,14,0.37333333333333335
4.4333333333333,2.835684614862464e-114,14,0.37333333333333335
4.466666666666633,4.048618332192975e-116,14,0.37333333333333335
4.499999999999966,5.578530324059917e-118,14,0.37333333333333335
4.5333333333332995,7.418163880123662e-120,14,0.37333333333333335
4.566666666666633,9.519986953280463e-122,14,0.37333333333333335
4.599999999999966,1.179069085085995e-123,14,0.37333333333333335
4.633333333333299,1.4093044034400182e-125,14,0.37333333333333335
4.666666666666632,1.6256712747351509e-127,14,0.37333333333333335
4.6999999999999655,1.809767357327262e-129,14,0.37333333333333335
4.733333333333299,1.9443507534572442e-131,14,0.37333333333333335
4.766666666666632,2.015988652813338e-133,14,0.37333333333333335
4.799999999999965,2.0172649536741588e-135,14,0.37333333333333335
4.833333333333298,1.9480450205041038e-137,14,0.37333333333333335
4.866666666666632,1.815499072270126e-139,14,0.37333333333333335
4.899999999999965,1.632878580746337e-141,14,0.37333333333333335
4.933333333333298,1.417334659391238e-143,14,0.37333333333333335
4.966666666666631,1.1872752747124997e-145,14,0.37333333333333335
4.9999999999999645,9.598226254557269e-148,14,0.37333333333333335
-5.0,4.836837160966319e-148,15,0.4
-4.966666666666667,7.086677041338363e-144,15,0.4
-4.933333333333334,8.164986504167997e-142,15,0.4
-4.9,9.078204028632117e-140,15,0.4
-4.866666666666667,9.741041541762168e-138,15,0.4
-4.833333333333334,1.0087232517857041e-135,15,0.4
-4.800000000000001,1.0080917286527659e-133,15,0.4
-4.7666666666666675,9.722762399716079e-132,15,0.4
-4.733333333333334,9.049844780918988e-130,15,0.4
-4.700000000000001,8.129328549013667e-128,15,0.4
-4.666666666666668,7.047426900845505e-126,15,0.4
-4.633333333333335,5.896158261039858e-124,15,0.4
-4.600000000000001,4.760698128819761e-122,15,0.4
-4.566666666666668,3.709671474587293e-120,15,0.4
-4.533333333333335,2.7897411613647775e-118,15,0.4
-4.500000000000002,2.0246800742812864e-116,15,0.4
-4.466666666666669,1.418121233941026e-114,15,0.4
-4.433333333333335,9.585951067379324e-113,15,0.4
-4.400000000000002,6.2534895621001975e-111,15,0.4
-4.366666666666669,3.9370917565549344e-109,15,0.4
-4.333333333333336,2.3921867400890258e-107,15,0.4
-4.3000000000000025,1.4027544212914569e-105,15,0.4
-4.266666666666669,7.9384528948769e-104,15,0.4
-4.233333333333336,4.3356921314865345e-102,15,0.4
-4.200000000000003,2.2853360393852379e-100,15,0.4
-4.16666666666667,1.1625497629511237e-98,15,0.4
-4.133333333333336,5.707471185178266e-97,15,0.4
-4.100000000000003,2.7042541065882672e-95,15,0.4
-4.06666666666667,1.2365845940663416e-93,15,0.4
-4.033333333333337,5.4572489797539936e-92,15,0.4
-4.0000000000000036,2.324333406739816e-90,15,0.4
-3.9666666666666703,9.554302707347054e-89,15,0.4
-3.933333333333337,3.7903278078762177e-87,15,0.4
-3.900000000000004,1.451219576751055e-85,15,0.4
-3.8666666666666707,5.362527683137152e-84,15,0.4
-3.8333333333333375,1.9124391117005428e-82,15,0.4
-3.8000000000000043,6.582472335507527e-81,15,0.4
-3.766666666666671,2.1866317676230123e-79,15,0.4
-3.733333333333338,7.010506754468768e-78,15,0.4
-3.7000000000000046,2.1692640798369932e-76,15,0.4
-3.6666666666666714,6.478387948426791e-75,15,0.4
-3.633333333333338,1.8673056696087507e-73,15,0.4
-3.600000000000005,5.194699363713267e-72,15,0.4
-3.5666666666666718,1.3947769085748105e-70,15,0.4
-3.5333333333333385,3.6145263816278293e-69,15,0.4
-3.5000000000000053,9.04073163923343e-68,15,0.4
-3.466666666666672,2.182552643519475e-66,15,0.4
-3.433333333333339,5.085557144916668e-65,15,0.4
-3.4000000000000057,1.1437443673498047e-63,15,0.4
-3.3666666666666725,2.4827915544673553e-62,15,0.4
-3.3333333333333393,5.2020792093801465e-61,15,0.4
-3.300000000000006,1.05206833125523e-59,15,0.4
-3.266666666666673,2.0537446587595236e-58,15,0.4
-3.2333333333333396,3.8698137033403615e-57,15,0.4
-3.2000000000000064,7.038510816321421e-56,15,0.4
-3.166666666666673,1.2357341494258577e-54,15,0.4
-3.13333333333334,2.0942558796689726e-53,15,0.4
-3.1000000000000068,3.426117416369403e-52,15,0.4
-3.0666666666666735,5.410662488434517e-51,15,0.4
-3.0333333333333403,8.248648605535995e-50,15,0.4
-3.000000000000007,1.2139711619942075e-48,15,0.4
-2.966666666666674,1.724792404045593e-47,15,0.4
-2.9333333333333407,2.3658028319289776e-46,15,0.4
-2.9000000000000075,3.13288607908103e-45,15,0.4
-2.8666666666666742,4.0054088177979156e-44,15,0.4
-2.833333333333341,4.944221933129346e-43,15,0.4
-2.800000000000008,5.892661099840012e-42,15,0.4
-2.7666666666666746,6.781126365715254e-41,15,0.4
-2.7333333333333414,7.535021974592718e-40,15,0.4
-2.700000000000008,8.084925316085706e-39,15,0.4
-2.666666666666675,8.377103916519324e-38,15,0.4
-2.6333333333333417,8.382179646566927e-37,15,0.4
-2.6000000000000085,8.100003547860543e-36,15,0.4
-2.5666666666666753,7.559619947999924e-35,15,0.4
-2.533333333333342,6.814342172439226e-34,15,0.4
-2.500000000000009,5.93309512788047e-33,15,0.4
-2.4666666666666757,4.989968535630702e-32,15,0.4
-2.4333333333333425,4.0541589411464005e-31,15,0.4
-2.4000000000000092,3.182139824067747e-30,15,0.4
-2.366666666666676,2.4131488973693856e-29,15,0.4
-2.333333333333343,1.768186551914073e-28,15,0.4
-2.3000000000000096,1.2519467139991767e-27,15,0.4
-2.2666666666666764,8.566317237367723e-27,15,0.4
-2.233333333333343,5.664895471182346e-26,15,0.4
-2.20000000000001,3.620930614904184e-25,15,0.4
-2.1666666666666767,2.2372910664091233e-24,15,0.4
-2.1333333333333435,1.3364249618632405e-23,15,0.4
-2.1000000000000103,7.718533024633501e-23,15,0.4
-2.066666666666677,4.310661201089413e-22,15,0.4
-2.033333333333344,2.3282274419898005e-21,15,0.4
-2.0000000000000107,1.2162852415403499e-20,15,0.4
-1.9666666666666774,6.146570303565954e-20,15,0.4
-1.9333333333333442,3.0052409295557325e-19,15,0.4
-1.900000000000011,1.4218023244007665e-18,15,0.4
-1.8666666666666778,6.509984092627599e-18,15,0.4
-1.8333333333333446,2.885171091170678e-17,15,0.4
-1.8000000000000114,1.2379045634753412e-16,15,0.4
-1.7666666666666782,5.142834575949447e-16,15,0.4
-1.733333333333345,2.0691711278912157e-15,15,0.4
-1.7000000000000117,8.063993340805097e-15,15,0.4
-1.6666666666666785,3.0447240992777004e-14,15,0.4
-1.6333333333333453,1.1139777774169764e-13,15,0.4
-1.600000000000012,3.950255648782152e-13,15,0.4
-1.5666666666666789,1.3579559486881514e-12,15,0.4
-1.5333333333333456,4.5263898781679826e-12,15,0.4
-1.5000000000000124,1.4632554893914452e-11,15,0.4
-1.4666666666666792,4.588686471229312e-11,15,0.4
-1.433333333333346,1.3962285009577625e-10,15,0.4
-1.4000000000000128,4.123119690169907e-10,15,0.4
-1.3666666666666796,1.1819510122663884e-09,15,0.4
-1.3333333333333464,3.289886400100903e-09,15,0.4
-1.3000000000000131,8.893540568446057e-09,15,0.4
-1.26666666666668,2.3355303130093223e-08,15,0.4
-1.2333333333333467,5.95960589556013e-08,15,0.4
-1.2000000000000135,1.4779968916461492e-07,15,0.4
-1.1666666666666803,3.5633075665579864e-07,15,0.4
-1.133333333333347,8.353180439457361e-07,15,0.4
-1.1000000000000139,1.9043920510756229e-06,15,0.4
-1.0666666666666806,4.223206748352866e-06,15,0.4
-1.0333333333333474,9.111056646218011e-06,15,0.4
-1.0000000000000142,1.912370012466378e-05,15,0.4
-0.966666666666681,3.9053418705994274e-05,15,0.4
-0.9333333333333478,7.758928594462565e-05,15,0.4
-0.9000000000000146,0.00014994470081738424,15,0.4
-0.8666666666666814,0.0002817966987189199,15,0.4
-0.8333333333333481,0.0005148318140786172,15,0.4
-0.8000000000000149,0.0009139835496333552,15,0.4
-0.7666666666666817,0.0015760100829073948,15,0.4
-0.7333333333333485,0.0026383872379971266,15,0.4
-0.7000000000000153,0.004286692576405596,15,0.4
-0.6666666666666821,0.00675800804968795,15,0.4
-0.6333333333333488,0.010337770264070113,15,0.4
-0.6000000000000156,0.015348301999404672,15,0.4
-0.5666666666666824,0.022129018577360993,15,0.4
-0.5333333333333492,0.03101058724946363,15,0.4
-0.500000000000016,0.04228729045422364,15,0.4
-0.4666666666666828,0.05619264780219204,15,0.4
-0.43333333333334956,0.07288259379769843,15,0.4
-0.40000000000001634,0.09242849905808428,15,0.4
-0.3666666666666831,0.11481989476263922,15,0.4
-0.3333333333333499,0.13997479410997765,15,0.4
-0.3000000000000167,0.16775451490301915,15,0.4
-0.2666666666666835,0.19797991469680282,15,0.4
-0.23333333333335027,0.23044662310996045,15,0.4
-0.20000000000001705,0.2649377817621191,15,0.4
-0.16666666666668384,0.30123364609744696,15,0.4
-0.13333333333335062,0.33911800267631975,15,0.4
-0.10000000000001741,0.3783816892389524,15,0.4
-0.0666666666666842,0.41882354556537993,15,0.4
-0.03333333333335098,0.46024905901902174,15,0.4
-1.7763568394002505e-14,0.5024665351032064,15,0.4
0.03333333333331545,0.5452800143008194,15,0.4
0.06666666666664867,0.5884769363628192,15,0.4
0.09999999999998188,0.6318048239583801,15,0.4
0.1333333333333151,0.6749258453712812,15,0.4
0.1666666666666483,0.7173154220849505,15,0.4
0.19999999999998153,0.7580290072663626,15,0.4
0.23333333333331474,0.7951199181806553,15,0.4
0.26666666666664796,0.8242055719646576,15,0.4
0.29999999999998117,0.8353105590999924,15,0.4
0.3333333333333144,0.8087845622677848,15,0.4
0.3666666666666476,0.7201789268777629,15,0.4
0.3999999999999808,0.5669246786770923,15,0.4
0.43333333333331403,0.38882749086120216,15,0.4
0.46666666666664725,0.23829556565126334,15,0.4
0.49999999999998046,0.1374561899760164,15,0.4
0.5333333333333137,0.07825242521112816,15,0.4
0.5666666666666469,0.04502265054080973,15,0.4
0.5999999999999801,0.026268912324148658,15,0.4
0.6333333333333133,0.015453857050559515,15,0.4
0.6666666666666465,0.009098332479097693,15,0.4
0.6999999999999797,0.005325811049345933,15,0.4
0.733333333333313,0.003083922629809226,15,0.4
0.7666666666666462,0.001759721827804889,15,0.4
0.7999999999999794,0.0009865955940178792,15,0.4
0.8333333333333126,0.0005422706064616013,15,0.4
0.8666666666666458,0.00029168879656406104,15,0.4
0.899999999999979,0.00015334108357765118,15,0.4
0.9333333333333123,7.869819269774181e-05,15,0.4
0.9666666666666455,3.939724531398504e-05,15,0.4
0.9999999999999787,1.9224813613822515e-05,15,0.4
1.033333333333312,9.139226734111228e-06,15,0.4
1.0666666666666451,4.230633115542536e-06,15,0.4
1.0999999999999783,1.9062425329625113e-06,15,0.4
1.1333333333333115,8.357533915325361e-07,15,0.4
1.1666666666666448,3.56427354353609e-07,15,0.4
1.199999999999978,1.478198835144362e-07,15,0.4
1.2333333333333112,5.960003268343225e-08,15,0.4
1.2666666666666444,2.335603843275814e-08,15,0.4
1.2999999999999776,8.893668404197345e-09,15,0.4
1.3333333333333108,3.2899072642164014e-09,15,0.4
1.366666666666644,1.181954206582224e-09,15,0.4
1.3999999999999773,4.1231242745460123e-10,15,0.4
1.4333333333333105,1.396229117306644e-10,15,0.4
1.4666666666666437,4.588687247049672e-11,15,0.4
1.499999999999977,1.4632555807717916e-11,15,0.4
1.5333333333333101,4.52638997883727e-12,15,0.4
1.5666666666666433,1.357955959056868e-12,15,0.4
1.5999999999999766,3.950255658764613e-13,15,0.4
1.6333333333333098,1.1139777783154934e-13,15,0.4
1.666666666666643,3.0447241000350674e-14,15,0.4
1.6999999999999762,8.063993341406974e-15,15,0.4
1.7333333333333094,2.0691711279374398e-15,15,0.4
1.7666666666666426,5.142834575986658e-16,15,0.4
1.7999999999999758,1.2379045634791194e-16,15,0.4
1.833333333333309,2.8851710911763243e-17,15,0.4
1.8666666666666423,6.5099840926386664e-18,15,0.4
1.8999999999999755,1.42180232440313e-18,15,0.4
1.9333333333333087,3.0052409295607847e-19,15,0.4
1.966666666666642,6.146570303576468e-20,15,0.4
1.9999999999999751,1.2162852415424719e-20,15,0.4
2.0333333333333083,2.328227441993941e-21,15,0.4
2.0666666666666416,4.310661201097242e-22,15,0.4
2.0999999999999748,7.718533024647794e-23,15,0.4
2.133333333333308,1.3364249618657602e-23,15,0.4
2.166666666666641,2.2372910664134286e-24,15,0.4
2.1999999999999744,3.62093061491128e-25,15,0.4
2.2333333333333076,5.664895471193642e-26,15,0.4
2.266666666666641,8.566317237385149e-27,15,0.4
2.299999999999974,1.2519467140017664e-27,15,0.4
2.3333333333333073,1.7681865519178004e-28,15,0.4
2.3666666666666405,2.413148897374556e-29,15,0.4
2.3999999999999737,3.182139824074677e-30,15,0.4
2.433333333333307,4.0541589411553706e-31,15,0.4
2.46666666666664,4.989968535641948e-32,15,0.4
2.4999999999999734,5.9330951278940555e-33,15,0.4
2.5333333333333066,6.814342172455097e-34,15,0.4
2.56666666666664,7.559619948017847e-35,15,0.4
2.599999999999973,8.10000354787997e-36,15,0.4
2.633333333333306,8.38217964658738e-37,15,0.4
2.6666666666666394,8.37710391654001e-38,15,0.4
2.6999999999999726,8.084925316105997e-39,15,0.4
2.733333333333306,7.535021974611945e-40,15,0.4
2.766666666666639,6.781126365732758e-41,15,0.4
2.7999999999999723,5.892661099855463e-42,15,0.4
2.8333333333333055,4.944221933142517e-43,15,0.4
2.8666666666666387,4.005408817808704e-44,15,0.4
2.899999999999972,3.1328860790895955e-45,15,0.4
2.933333333333305,2.3658028319355463e-46,15,0.4
2.9666666666666384,1.7247924040504298e-47,15,0.4
2.9999999999999716,1.2139711619976642e-48,15,0.4
3.033333333333305,8.248648605559717e-50,15,0.4
3.066666666666638,5.410662488450374e-51,15,0.4
3.0999999999999712,3.426117416379544e-52,15,0.4
3.1333333333333044,2.0942558796752315e-53,15,0.4
3.1666666666666377,1.235734149429603e-54,15,0.4
3.199999999999971,7.038510816343048e-56,15,0.4
3.233333333333304,3.869813703352417e-57,15,0.4
3.2666666666666373,2.0537446587659786e-58,15,0.4
3.2999999999999705,1.052068331258581e-59,15,0.4
3.3333333333333037,5.202079209396869e-61,15,0.4
3.366666666666637,2.482791554475405e-62,15,0.4
3.39999999999997,1.1437443673535785e-63,15,0.4
3.4333333333333034,5.085557144933592e-65,15,0.4
3.4666666666666366,2.1825526435268602e-66,15,0.4
3.49999999999997,9.040731639264278e-68,15,0.4
3.533333333333303,3.6145263816402653e-69,15,0.4
3.5666666666666362,1.3947769085796883e-70,15,0.4
3.5999999999999694,5.194699363731583e-72,15,0.4
3.6333333333333027,1.8673056696153878e-73,15,0.4
3.666666666666636,6.478387948450182e-75,15,0.4
3.699999999999969,2.169264079844887e-76,15,0.4
3.7333333333333023,7.0105067544944855e-78,15,0.4
3.7666666666666355,2.1866317676311553e-79,15,0.4
3.7999999999999687,6.582472335532228e-81,15,0.4
3.833333333333302,1.9124391117077736e-82,15,0.4
3.866666666666635,5.362527683157731e-84,15,0.4
3.8999999999999684,1.4512195767566655e-85,15,0.4
3.9333333333333016,3.79032780789098e-87,15,0.4
3.966666666666635,9.554302707384804e-89,15,0.4
3.999999999999968,2.3243334067490648e-90,15,0.4
4.033333333333301,5.4572489797758665e-92,15,0.4
4.0666666666666345,1.236584594071368e-93,15,0.4
4.099999999999968,2.7042541065993362e-95,15,0.4
4.133333333333301,5.707471185201795e-97,15,0.4
4.166666666666634,1.1625497629559484e-98,15,0.4
4.199999999999967,2.285336039394852e-100,15,0.4
4.2333333333333005,4.335692131504899e-102,15,0.4
4.266666666666634,7.93845289491097e-104,15,0.4
4.299999999999967,1.4027544212975177e-105,15,0.4
4.3333333333333,2.3921867400994967e-107,15,0.4
4.366666666666633,3.93709175657228e-109,15,0.4
4.399999999999967,6.253489562127925e-111,15,0.4
4.4333333333333,9.585951067422101e-113,15,0.4
4.466666666666633,1.418121233947435e-114,15,0.4
4.499999999999966,2.0246800742904938e-116,15,0.4
4.5333333333332995,2.7897411613776226e-118,15,0.4
4.566666666666633,3.709671474604374e-120,15,0.4
4.599999999999966,4.7606981288419515e-122,15,0.4
4.633333333333299,5.896158261067343e-124,15,0.4
4.666666666666632,7.047426900878755e-126,15,0.4
4.6999999999999655,8.129328549052483e-128,15,0.4
4.733333333333299,9.049844780962715e-130,15,0.4
4.766666666666632,9.722762399763058e-132,15,0.4
4.799999999999965,1.0080917286576942e-133,15,0.4
4.833333333333298,1.0087232517906928e-135,15,0.4
4.866666666666632,9.741041541810892e-138,15,0.4
4.899999999999965,9.078204028680325e-140,15,0.4
4.933333333333298,8.164986541369042e-142,15,0.4
4.966666666666631,7.087153208268919e-144,15,0.4
4.9999999999999645,5.936753613899375e-146,15,0.4
-5.0,2.992560992754519e-146,16,0.4266666666666667
-4.966666666666667,4.082495670502579e-142,16,0.4266666666666667
-4.933333333333334,4.539456348168125e-140,16,0.4266666666666667
-4.9,4.870929020206292e-138,16,0.4266666666666667
-4.866666666666667,5.0440701691299524e-136,16,0.4266666666666667
-4.833333333333334,5.040945695340918e-134,16,0.4266666666666667
-4.800000000000001,4.8618855614839327e-132,16,0.4266666666666667
-4.7666666666666675,4.52542643632382e-130,16,0.4266666666666667
-4.733333333333334,4.065150412626819e-128,16,0.4266666666666667
-4.700000000000001,3.524165942661799e-126,16,0.4266666666666667
-4.666666666666668,2.9484855969473797e-124,16,0.4266666666666667
-4.633333333333335,2.3807014357549227e-122,16,0.4266666666666667
-4.600000000000001,1.8551305452066986e-120,16,0.4266666666666667
-4.566666666666668,1.3951086155888297e-118,16,0.4266666666666667
-4.533333333333335,1.0125255207143726e-116,16,0.4266666666666667
-4.500000000000002,7.092001040285813e-115,16,0.4266666666666667
-4.466666666666669,4.7939878737268024e-113,16,0.4266666666666667
-4.433333333333335,3.1274538416670693e-111,16,0.4266666666666667
-4.400000000000002,1.9690251758308361e-109,16,0.4266666666666667
-4.366666666666669,1.196406044522618e-107,16,0.4266666666666667
-4.333333333333336,7.015740652335562e-106,16,0.4266666666666667
-4.3000000000000025,3.970422540808494e-104,16,0.4266666666666667
-4.266666666666669,2.168547442953913e-102,16,0.4266666666666667
-4.233333333333336,1.1430649423373629e-100,16,0.4266666666666667
-4.200000000000003,5.814916660821361e-99,16,0.4266666666666667
-4.16666666666667,2.8548782606088255e-97,16,0.4266666666666667
-4.133333333333336,1.3527083281756092e-95,16,0.4266666666666667
-4.100000000000003,6.185776705924297e-94,16,0.4266666666666667
-4.06666666666667,2.729976616930291e-92,16,0.4266666666666667
-4.033333333333337,1.1627849956669412e-90,16,0.4266666666666667
-4.0000000000000036,4.779879978163404e-89,16,0.4266666666666667
-3.9666666666666703,1.8963260706414788e-87,16,0.4266666666666667
-3.933333333333337,7.260875035108949e-86,16,0.4266666666666667
-3.900000000000004,2.683159005472514e-84,16,0.4266666666666667
-3.8666666666666707,9.56945165638647e-83,16,0.4266666666666667
-3.8333333333333375,3.293917431595332e-81,16,0.4266666666666667
-3.8000000000000043,1.0942721033673563e-79,16,0.4266666666666667
-3.766666666666671,3.508544613402138e-78,16,0.4266666666666667
-3.733333333333338,1.085725355802308e-76,16,0.4266666666666667
-3.7000000000000046,3.2426992275906296e-75,16,0.4266666666666667
-3.6666666666666714,9.347374668442938e-74,16,0.4266666666666667
-3.633333333333338,2.6005888758308473e-72,16,0.4266666666666667
-3.600000000000005,6.983221071222096e-71,16,0.4266666666666667
-3.5666666666666718,1.8098605404957714e-69,16,0.4266666666666667
-3.5333333333333385,4.527339704159589e-68,16,0.4266666666666667
-3.5000000000000053,1.0930835849505515e-66,16,0.4266666666666667
-3.466666666666672,2.5472989382779507e-65,16,0.4266666666666667
-3.433333333333339,5.729634599966621e-64,16,0.4266666666666667
-3.4000000000000057,1.243938555806136e-62,16,0.4266666666666667
-3.3666666666666725,2.6067583265268223e-61,16,0.4266666666666667
-3.3333333333333393,5.272755614048487e-60,16,0.4266666666666667
-3.300000000000006,1.0294733689844519e-58,16,0.4266666666666667
-3.266666666666673,1.940167193326457e-57,16,0.4266666666666667
-3.2333333333333396,3.5295241314545083e-56,16,0.4266666666666667
-3.2000000000000064,6.19801981564599e-55,16,0.4266666666666667
-3.166666666666673,1.050647195242647e-53,16,0.4266666666666667
-3.13333333333334,1.7192373789318307e-52,16,0.4266666666666667
-3.1000000000000068,2.715802523615603e-51,16,0.4266666666666667
-3.0666666666666735,4.1414548898498445e-50,16,0.4266666666666667
-3.0333333333333403,6.09690912241321e-49,16,0.4266666666666667
-3.000000000000007,8.665205263255646e-48,16,0.4266666666666667
-2.966666666666674,1.1889712717744599e-46,16,0.4266666666666667
-2.9333333333333407,1.575067001560743e-45,16,0.4266666666666667
-2.9000000000000075,2.0145334230586026e-44,16,0.4266666666666667
-2.8666666666666742,2.487775396960078e-43,16,0.4266666666666667
-2.833333333333341,2.966357594008996e-42,16,0.4266666666666667
-2.800000000000008,3.4152842925232737e-41,16,0.4266666666666667
-2.7666666666666746,3.796974292795559e-40,16,0.4266666666666667
-2.7333333333333414,4.0763682898714297e-39,16,0.4266666666666667
-2.700000000000008,4.226227068132625e-38,16,0.4266666666666667
-2.666666666666675,4.231514449863892e-37,16,0.4266666666666667
-2.6333333333333417,4.0918872935128685e-36,16,0.4266666666666667
-2.6000000000000085,3.8217208722327967e-35,16,0.4266666666666667
-2.5666666666666753,3.4476711039589157e-34,16,0.4266666666666667
-2.533333333333342,3.0043456636802346e-33,16,0.4266666666666667
-2.500000000000009,2.529055978677547e-32,16,0.4266666666666667
-2.4666666666666757,2.0567449462126026e-31,16,0.4266666666666667
-2.4333333333333425,1.616019754712027e-30,16,0.4266666666666667
-2.4000000000000092,1.2268452433904248e-29,16,0.4266666666666667
-2.366666666666676,9.000039750773752e-29,16,0.4266666666666667
-2.333333333333343,6.380391014864353e-28,16,0.4266666666666667
-2.3000000000000096,4.3715679462795656e-27,16,0.4266666666666667
-2.2666666666666764,2.895045071291132e-26,16,0.4266666666666667
-2.233333333333343,1.8532968936389306e-25,16,0.4266666666666667
-2.20000000000001,1.1469700105604734e-24,16,0.4266666666666667
-2.1666666666666767,6.863171340061411e-24,16,0.4266666666666667
-2.1333333333333435,3.971131065637207e-23,16,0.4266666666666667
-2.1000000000000103,2.2221518486378687e-22,16,0.4266666666666667
-2.066666666666677,1.2027063861180677e-21,16,0.4266666666666667
-2.033333333333344,6.29695926775622e-21,16,0.4266666666666667
-2.0000000000000107,3.189696523882467e-20,16,0.4266666666666667
-1.9666666666666774,1.5634347268548837e-19,16,0.4266666666666667
-1.9333333333333442,7.416340137182131e-19,16,0.4266666666666667
-1.900000000000011,3.4052540927915863e-18,16,0.4266666666666667
-1.8666666666666778,1.5136756618053772e-17,16,0.4266666666666667
-1.8333333333333446,6.515022022008086e-17,16,0.4266666666666667
-1.8000000000000114,2.715675842533257e-16,16,0.4266666666666667
-1.7666666666666782,1.096480792119374e-15,16,0.4266666666666667
-1.733333333333345,4.289138399200008e-15,16,0.4266666666666667
-1.7000000000000117,1.6258206060333927e-14,16,0.4266666666666667
-1.6666666666666785,5.973088554124889e-14,16,0.4266666666666667
-1.6333333333333453,2.1273640293546508e-13,16,0.4266666666666667
-1.600000000000012,7.346768632145582e-13,16,0.4266666666666667
-1.5666666666666789,2.4607077215190324e-12,16,0.4266666666666667
-1.5333333333333456,7.99525542125885e-12,16,0.4266666666666667
-1.5000000000000124,2.520662729481353e-11,16,0.4266666666666667
-1.4666666666666792,7.712770249098927e-11,16,0.4266666666666667
-1.433333333333346,2.290994168310628e-10,16,0.4266666666666667
-1.4000000000000128,6.607869309055796e-10,16,0.4266666666666667
-1.3666666666666796,1.8510991824282766e-09,16,0.4266666666666667
-1.3333333333333464,5.037745774816611e-09,16,0.4266666666666667
-1.3000000000000131,1.3322594658167697e-08,16,0.4266666666666667
-1.26666666666668,3.424479906750465e-08,16,0.4266666666666667
-1.2333333333333467,8.557749188749848e-08,16,0.4266666666666667
-1.2000000000000135,2.079633831217164e-07,16,0.4266666666666667
-1.1666666666666803,4.915587313728782e-07,16,0.4266666666666667
-1.133333333333347,1.1303607039182156e-06,16,0.4266666666666667
-1.1000000000000139,2.5292589686055e-06,16,0.4266666666666667
-1.0666666666666806,5.5077084717179914e-06,16,0.4266666666666667
-1.0333333333333474,1.167338386042208e-05,16,0.4266666666666667
-1.0000000000000142,2.408194924447426e-05,16,0.4266666666666667
-0.966666666666681,4.835536215836733e-05,16,0.4266666666666667
-0.9333333333333478,9.449486811293113e-05,16,0.4266666666666667
-0.9000000000000146,0.0001796783144753497,16,0.4266666666666667
-0.8666666666666814,0.00033233974377130384,16,0.4266666666666667
-0.8333333333333481,0.0005977389328662192,16,0.4266666666666667
-0.8000000000000149,0.0010449771972960782,16,0.4266666666666667
-0.7666666666666817,0.0017749602495575156,16,0.4266666666666667
-0.7333333333333485,0.0029281729445638583,16,0.4266666666666667
-0.7000000000000153,0.004690455726726135,16,0.4266666666666667
-0.6666666666666821,0.007294532668080237,16,0.4266666666666667
-0.6333333333333488,0.011015175084253256,16,0.4266666666666667
-0.6000000000000156,0.01615682962688265,16,0.4266666666666667
-0.5666666666666824,0.023034227394975817,16,0.4266666666666667
-0.5333333333333492,0.03194845022163978,16,0.4266666666666667
-0.500000000000016,0.043162426096734915,16,0.4266666666666667
-0.4666666666666828,0.056880210617016945,16,0.4266666666666667
-0.43333333333334956,0.07323349067591635,16,0.4266666666666667
-0.40000000000001634,0.09227689712924418,16,0.4266666666666667
-0.3666666666666831,0.1139916634744309,16,0.4266666666666667
-0.3333333333333499,0.13829561102542046,16,0.4266666666666667
-0.3000000000000167,0.1650567336759457,16,0.4266666666666667
-0.2666666666666835,0.19410775524000243,16,0.4266666666666667
-0.23333333333335027,0.22525965191312516,16,0.4266666666666667
-0.20000000000001705,0.25831292191602817,16,0.4266666666666667
-0.16666666666668384,0.2930660939123906,16,0.4266666666666667
-0.13333333333335062,0.32932146902616743,16,0.4266666666666667
-0.10000000000001741,0.36688834560469397,16,0.4266666666666667
-0.0666666666666842,0.4055840754136727,16,0.4266666666666667
-0.03333333333335098,0.44523314901856,16,0.4266666666666667
-1.7763568394002505e-14,0.48566431712631924,16,0.4266666666666667
0.03333333333331545,0.5267052385865432,16,0.4266666666666667
0.06666666666664867,0.5681730108133642,16,0.4266666666666667
0.09999999999998188,0.6098574324432163,16,0.4266666666666667
0.1333333333333151,0.6514873071848991,16,0.4266666666666667
0.1666666666666483,0.6926608104974041,16,0.4266666666666667
0.19999999999998153,0.7326828162274627,16,0.4266666666666667
0.23333333333331474,0.7701759198154379,16,0.4266666666666667
0.26666666666664796,0.8021096294690578,16,0.4266666666666667
0.29999999999998117,0.8215315384552004,16,0.4266666666666667
0.3333333333333144,0.8135619516739048,16,0.4266666666666667
0.3666666666666476,0.7544003958463521,16,0.4266666666666667
0.3999999999999808,0.6279973826833601,16,0.4266666666666667
0.43333333333331403,0.4555338851009916,16,0.4266666666666667
0.46666666666664725,0.2896003631159484,16,0.4266666666666667
0.49999999999998046,0.1684062623427222,16,0.4266666666666667
0.5333333333333137,0.09461285327861364,16,0.4266666666666667
0.5666666666666469,0.05334734602698429,16,0.4266666666666667
0.5999999999999801,0.030595897268480773,16,0.4266666666666667
0.6333333333333133,0.017805077621781896,16,0.4266666666666667
0.6666666666666465,0.010431925536833881,16,0.4266666666666667
0.6999999999999797,0.0061057813694761695,16,0.4266666666666667
0.733333333333313,0.003547819967059828,16,0.4266666666666667
0.7666666666666462,0.002036966553497655,16,0.4266666666666667
0.7999999999999794,0.0011515567298333693,16,0.4266666666666667
0.8333333333333126,0.000639319852993389,16,0.4266666666666667
0.8666666666666458,0.00034785995380417014,16,0.4266666666666667
0.899999999999979,0.00018520927242060285,16,0.4266666666666667
0.9333333333333123,9.6373556714813e-05,16,0.4266666666666667
0.9666666666666455,4.896266791819724e-05,16,0.4266666666666667
0.9999999999999787,2.4268529747542743e-05,16,0.4266666666666667
1.033333333333312,1.1727793703722912e-05,16,0.4266666666666667
1.0666666666666451,5.5227506118778094e-06,16,0.4266666666666667
1.0999999999999783,2.5331966934921015e-06,16,0.4266666666666667
1.1333333333333115,1.1313356450020874e-06,16,0.4266666666666667
1.1666666666666448,4.917867728500889e-07,16,0.4266666666666667
1.199999999999978,2.0801371821617962e-07,16,0.4266666666666667
1.2333333333333112,8.558796523463986e-08,16,0.4266666666666667
1.2666666666666444,3.4246851238428106e-08,16,0.4266666666666667
1.2999999999999776,1.332297295542348e-08,16,0.4266666666666667
1.3333333333333108,5.037811320929849e-09,16,0.4266666666666667
1.366666666666644,1.851109847966199e-09,16,0.4266666666666667
1.3999999999999773,6.607885594319484e-10,16,0.4266666666666667
1.4333333333333105,2.2909964999612816e-10,16,0.4266666666666667
1.4666666666666437,7.712773377304724e-11,16,0.4266666666666667
1.499999999999977,2.5206631225084016e-11,16,0.4266666666666667
1.5333333333333101,7.995255883429845e-12,16,0.4266666666666667
1.5666666666666433,2.4607077723609322e-12,16,0.4266666666666667
1.5999999999999766,7.34676868444575e-13,16,0.4266666666666667
1.6333333333333098,2.12736403438437e-13,16,0.4266666666666667
1.666666666666643,5.973088558648063e-14,16,0.4266666666666667
1.6999999999999762,1.625820606414424e-14,16,0.4266666666666667
1.7333333333333094,4.289138399502833e-15,16,0.4266666666666667
1.7666666666666426,1.0964807921426767e-15,16,0.4266666666666667
1.7999999999999758,2.7156758425521456e-16,16,0.4266666666666667
1.833333333333309,6.51502202202753e-17,16,0.4266666666666667
1.8666666666666423,1.5136756618083185e-17,16,0.4266666666666667
1.8999999999999755,3.4052540927973726e-18,16,0.4266666666666667
1.9333333333333087,7.416340137194474e-19,16,0.4266666666666667
1.966666666666642,1.563434726857516e-19,16,0.4266666666666667
1.9999999999999751,3.189696523887931e-20,16,0.4266666666666667
2.0333333333333083,6.296959267767221e-21,16,0.4266666666666667
2.0666666666666416,1.2027063861202093e-21,16,0.4266666666666667
2.0999999999999748,2.222151848641909e-22,16,0.4266666666666667
2.133333333333308,3.9711310656445684e-23,16,0.4266666666666667
2.166666666666641,6.863171340074365e-24,16,0.4266666666666667
2.1999999999999744,1.1469700105626825e-24,16,0.4266666666666667
2.2333333333333076,1.8532968936425657e-25,16,0.4266666666666667
2.266666666666641,2.8950450712969094e-26,16,0.4266666666666667
2.299999999999974,4.371567946288464e-27,16,0.4266666666666667
2.3333333333333073,6.38039101487756e-28,16,0.4266666666666667
2.3666666666666405,9.000039750792736e-29,16,0.4266666666666667
2.3999999999999737,1.2268452433930549e-29,16,0.4266666666666667
2.433333333333307,1.6160197547155483e-30,16,0.4266666666666667
2.46666666666664,2.0567449462171555e-31,16,0.4266666666666667
2.4999999999999734,2.5290559786832496e-32,16,0.4266666666666667
2.5333333333333066,3.004345663687117e-33,16,0.4266666666666667
2.56666666666664,3.4476711039669485e-34,16,0.4266666666666667
2.599999999999973,3.8217208722418605e-35,16,0.4266666666666667
2.633333333333306,4.091887293522685e-36,16,0.4266666666666667
2.6666666666666394,4.2315144498742204e-37,16,0.4266666666666667
2.6999999999999726,4.226227068143065e-38,16,0.4266666666666667
2.733333333333306,4.0763682898816626e-39,16,0.4266666666666667
2.766666666666639,3.79697429280525e-40,16,0.4266666666666667
2.7999999999999723,3.4152842925320915e-41,16,0.4266666666666667
2.8333333333333055,2.966357594016775e-42,16,0.4266666666666667
2.8666666666666387,2.4877753969667066e-43,16,0.4266666666666667
2.899999999999972,2.0145334230640296e-44,16,0.4266666666666667
2.933333333333305,1.57506700156505e-45,16,0.4266666666666667
2.9666666666666384,1.1889712717777614e-46,16,0.4266666666666667
2.9999999999999716,8.665205263279947e-48,16,0.4266666666666667
3.033333333333305,6.096909122430573e-49,16,0.4266666666666667
3.066666666666638,4.141454889861756e-50,16,0.4266666666666667
3.0999999999999712,2.7158025236235634e-51,16,0.4266666666666667
3.1333333333333044,1.7192373789369197e-52,16,0.4266666666666667
3.1666666666666377,1.0506471952457873e-53,16,0.4266666666666667
3.199999999999971,6.198019815664777e-55,16,0.4266666666666667
3.233333333333304,3.529524131465354e-56,16,0.4266666666666667
3.2666666666666373,1.9401671933325013e-57,16,0.4266666666666667
3.2999999999999705,1.0294733689876877e-58,16,0.4266666666666667
3.3333333333333037,5.272755614065282e-60,16,0.4266666666666667
3.366666666666637,2.606758326535202e-61,16,0.4266666666666667
3.39999999999997,1.2439385558101692e-62,16,0.4266666666666667
3.4333333333333034,5.729634599985527e-64,16,0.4266666666666667
3.4666666666666366,2.5472989382864283e-65,16,0.4266666666666667
3.49999999999997,1.0930835849542502e-66,16,0.4266666666666667
3.533333333333303,4.5273397041750375e-68,16,0.4266666666666667
3.5666666666666362,1.8098605405019984e-69,16,0.4266666666666667
3.5999999999999694,6.983221071246518e-71,16,0.4266666666666667
3.6333333333333027,2.600588875840017e-72,16,0.4266666666666667
3.666666666666636,9.347374668476163e-74,16,0.4266666666666667
3.699999999999969,3.242699227602338e-75,16,0.4266666666666667
3.7333333333333023,1.0857253558062591e-76,16,0.4266666666666667
3.7666666666666355,3.5085446134150087e-78,16,0.4266666666666667
3.7999999999999687,1.0942721033714316e-79,16,0.4266666666666667
3.833333333333302,3.293917431607693e-81,16,0.4266666666666667
3.866666666666635,9.569451656422651e-83,16,0.4266666666666667
3.8999999999999684,2.6831590054828106e-84,16,0.4266666666666667
3.9333333333333016,7.26087503513702e-86,16,0.4266666666666667
3.966666666666635,1.8963260706488645e-87,16,0.4266666666666667
3.999999999999968,4.77987997818229e-89,16,0.4266666666666667
4.033333333333301,1.162784995671568e-90,16,0.4266666666666667
4.0666666666666345,2.7299766169412328e-92,16,0.4266666666666667
4.099999999999968,6.18577670594944e-94,16,0.4266666666666667
4.133333333333301,1.352708328181146e-95,16,0.4266666666666667
4.166666666666634,2.8548782606205947e-97,16,0.4266666666666667
4.199999999999967,5.814916660845495e-99,16,0.4266666666666667
4.2333333333333005,1.1430649423421715e-100,16,0.4266666666666667
4.266666666666634,2.1685474429630984e-102,16,0.4266666666666667
4.299999999999967,3.970422540825535e-104,16,0.4266666666666667
4.3333333333333,7.015740652365874e-106,16,0.4266666666666667
4.366666666666633,1.1964060445278547e-107,16,0.4266666666666667
4.399999999999967,1.9690251758395112e-109,16,0.4266666666666667
4.4333333333333,3.127453841680936e-111,16,0.4266666666666667
4.466666666666633,4.793987873748196e-113,16,0.4266666666666667
4.499999999999966,7.092001040317864e-115,16,0.4266666666666667
4.5333333333332995,1.0125255207189771e-116,16,0.4266666666666667
4.566666666666633,1.3951086155952533e-118,16,0.4266666666666667
4.599999999999966,1.8551305452152404e-120,16,0.4266666666666667
4.633333333333299,2.3807014357660198e-122,16,0.4266666666666667
4.666666666666632,2.948485596961124e-124,16,0.4266666666666667
4.6999999999999655,3.524165942678426e-126,16,0.4266666666666667
4.733333333333299,4.06515041264623e-128,16,0.4266666666666667
4.766666666666632,4.525426436345687e-130,16,0.4266666666666667
4.799999999999965,4.8618855615074246e-132,16,0.4266666666666667
4.833333333333298,5.040945695365562e-134,16,0.4266666666666667
4.866666666666632,5.044070169154898e-136,16,0.4266666666666667
4.899999999999965,4.8709290202325144e-138,16,0.4266666666666667
4.933333333333298,4.539456372000576e-140,16,0.4266666666666667
4.966666666666631,4.082790108365216e-142,16,0.4266666666666667
4.9999999999999645,3.5438184459925074e-144,16,0.4266666666666667
-5.0,1.7868720279600263e-144,17,0.45333333333333337
-4.966666666666667,2.269729670364559e-140,17,0.45333333333333337
-4.933333333333334,2.4356686348866713e-138,17,0.45333333333333337
-4.9,2.5222620573823846e-136,17,0.45333333333333337
-4.866666666666667,2.520716394121469e-134,17,0.45333333333333337
-4.833333333333334,2.4311949842504227e-132,17,0.45333333333333337
-4.800000000000001,2.262965265446677e-130,17,0.45333333333333337
-4.7666666666666675,2.0328183005914837e-128,17,0.45333333333333337
-4.733333333333334,1.7623092426527156e-126,17,0.45333333333333337
-4.700000000000001,1.4744460559943212e-124,17,0.45333333333333337
-4.666666666666668,1.1905269261745945e-122,17,0.45333333333333337
-4.633333333333335,9.277126968831967e-121,17,0.45333333333333337
-4.600000000000001,6.976733428662026e-119,17,0.45333333333333337
-4.566666666666668,5.063555168844466e-117,17,0.45333333333333337
-4.533333333333335,3.5466980744507008e-115,17,0.45333333333333337
-4.500000000000002,2.3975001996237583e-113,17,0.45333333333333337
-4.466666666666669,1.564081520885549e-111,17,0.45333333333333337
-4.433333333333335,9.847522873091045e-110,17,0.45333333333333337
-4.400000000000002,5.983593949533923e-108,17,0.45333333333333337
-4.366666666666669,3.5088548387556964e-106,17,0.45333333333333337
-4.333333333333336,1.9858094734265085e-104,17,0.45333333333333337
-4.3000000000000025,1.0846245085095733e-102,17,0.45333333333333337
-4.266666666666669,5.717309922957218e-101,17,0.45333333333333337
-4.233333333333336,2.9085426041321576e-99,17,0.45333333333333337
-4.200000000000003,1.4280106627755815e-97,17,0.45333333333333337
-4.16666666666667,6.766449099208456e-96,17,0.45333333333333337
-4.133333333333336,3.094315792092453e-94,17,0.45333333333333337
-4.100000000000003,1.3656646626292333e-92,17,0.45333333333333337
-4.06666666666667,5.817017866687668e-91,17,0.45333333333333337
-4.033333333333337,2.391304977390167e-89,17,0.45333333333333337
-4.0000000000000036,9.487444278185729e-88,17,0.45333333333333337
-3.9666666666666703,3.632827457543556e-86,17,0.45333333333333337
-3.933333333333337,1.3425276657715777e-84,17,0.45333333333333337
-3.900000000000004,4.788356265710789e-83,17,0.45333333333333337
-3.8666666666666707,1.6483002953004023e-81,17,0.45333333333333337
-3.8333333333333375,5.4761452426649746e-80,17,0.45333333333333337
-3.8000000000000043,1.7559192654168668e-78,17,0.45333333333333337
-3.766666666666671,5.434098139528377e-77,17,0.45333333333333337
-3.733333333333338,1.623103886102016e-75,17,0.45333333333333337
-3.7000000000000046,4.679115961000481e-74,17,0.45333333333333337
-3.6666666666666714,1.301915787529219e-72,17,0.45333333333333337
-3.633333333333338,3.4962842229452694e-71,17,0.45333333333333337
-3.600000000000005,9.062305646858012e-70,17,0.45333333333333337
-3.5666666666666718,2.2671614626154056e-68,17,0.45333333333333337
-3.5333333333333385,5.4744672274552366e-67,17,0.45333333333333337
-3.5000000000000053,1.2759131389910551e-65,17,0.45333333333333337
-3.466666666666672,2.870282717908063e-64,17,0.45333333333333337
-3.433333333333339,6.232429273722069e-63,17,0.45333333333333337
-3.4000000000000057,1.3062439805633945e-61,17,0.45333333333333337
-3.3666666666666725,2.6425974998032743e-60,17,0.45333333333333337
-3.3333333333333393,5.160400636554894e-59,17,0.45333333333333337
-3.300000000000006,9.727199744702527e-58,17,0.45333333333333337
-3.266666666666673,1.7699094325721764e-56,17,0.45333333333333337
-3.2333333333333396,3.1087107437896274e-55,17,0.45333333333333337
-3.2000000000000064,5.270883596870508e-54,17,0.45333333333333337
-3.166666666666673,8.627176993737384e-53,17,0.45333333333333337
-3.13333333333334,1.3631544977840147e-51,17,0.45333333333333337
-3.1000000000000068,2.0793236318195814e-50,17,0.45333333333333337
-3.0666666666666735,3.062033573824683e-49,17,0.45333333333333337
-3.0333333333333403,4.3533099060770724e-48,17,0.45333333333333337
-3.000000000000007,5.975340904484366e-47,17,0.45333333333333337
-2.966666666666674,7.918661034119993e-46,17,0.45333333333333337
-2.9333333333333407,1.0132115678881736e-44,17,0.45333333333333337
-2.9000000000000075,1.2517630334878428e-43,17,0.45333333333333337
-2.8666666666666742,1.493251464119791e-42,17,0.45333333333333337
-2.833333333333341,1.7200810232464372e-41,17,0.45333333333333337
-2.800000000000008,1.9133189343678247e-40,17,0.45333333333333337
-2.7666666666666746,2.055260566398331e-39,17,0.45333333333333337
-2.7333333333333414,2.1320984055302904e-38,17,0.45333333333333337
-2.700000000000008,2.136139066381303e-37,17,0.45333333333333337
-2.666666666666675,2.0670747820970974e-36,17,0.45333333333333337
-2.6333333333333417,1.9320180083657178e-35,17,0.45333333333333337
-2.6000000000000085,1.7442949884470221e-34,17,0.45333333333333337
-2.5666666666666753,1.5212814362012812e-33,17,0.45333333333333337
-2.533333333333342,1.281766344858568e-32,17,0.45333333333333337
-2.500000000000009,1.0433942014247024e-31,17,0.45333333333333337
-2.4666666666666757,8.206551572494013e-31,17,0.45333333333333337
-2.4333333333333425,6.237063464262754e-30,17,0.45333333333333337
-2.4000000000000092,4.580820863122478e-29,17,0.45333333333333337
-2.366666666666676,3.2515377696016976e-28,17,0.45333333333333337
-2.333333333333343,2.2307841718936516e-27,17,0.45333333333333337
-2.3000000000000096,1.4794244907198875e-26,17,0.45333333333333337
-2.2666666666666764,9.485062865508632e-26,17,0.45333333333333337
-2.233333333333343,5.879602306366924e-25,17,0.45333333333333337
-2.20000000000001,3.524250514712652e-24,17,0.45333333333333337
-2.1666666666666767,2.0429140333466272e-23,17,0.45333333333333337
-2.1333333333333435,1.1453917810192415e-22,17,0.45333333333333337
-2.1000000000000103,6.212088483872198e-22,17,0.45333333333333337
-2.066666666666677,3.2595872263100035e-21,17,0.45333333333333337
-2.033333333333344,1.654983581247137e-20,17,0.45333333333333337
-2.0000000000000107,8.132021597662229e-20,17,0.45333333333333337
-1.9666666666666774,3.867654894785189e-19,17,0.45333333333333337
-1.9333333333333442,1.7807987827385373e-18,17,0.45333333333333337
-1.900000000000011,7.939195315885992e-18,17,0.45333333333333337
-1.8666666666666778,3.427773715643622e-17,17,0.45333333333333337
-1.8333333333333446,1.433521704356897e-16,17,0.45333333333333337
-1.8000000000000114,5.8081550616972725e-16,17,0.45333333333333337
-1.7666666666666782,2.2803529917266634e-15,17,0.45333333333333337
-1.733333333333345,8.677343426226598e-15,17,0.45333333333333337
-1.7000000000000117,3.201001197022374e-14,17,0.45333333333333337
-1.6666666666666785,1.144973044978905e-13,17,0.45333333333333337
-1.6333333333333453,3.9720387437779633e-13,17,0.45333333333333337
-1.600000000000012,1.3367220622260467e-12,17,0.45333333333333337
-1.5666666666666789,4.364966142224027e-12,17,0.45333333333333337
-1.5333333333333456,1.3833667508040417e-11,17,0.45333333333333337
-1.5000000000000124,4.256147895494711e-11,17,0.45333333333333337
-1.4666666666666792,1.2715302205256792e-10,17,0.45333333333333337
-1.433333333333346,3.689573166121463e-10,17,0.45333333333333337
-1.4000000000000128,1.0400992989548533e-09,17,0.45333333333333337
-1.3666666666666796,2.8492663478726467e-09,17,0.45333333333333337
-1.3333333333333464,7.586846885484996e-09,17,0.45333333333333337
-1.3000000000000131,1.964127219169515e-08,17,0.45333333333333337
-1.26666666666668,4.945004184362997e-08,17,0.45333333333333337
-1.2333333333333467,1.2110408267939804e-07,17,0.45333333333333337
-1.2000000000000135,2.885680647688925e-07,17,0.45333333333333337
-1.1666666666666803,6.691617966266555e-07,17,0.45333333333333337
-1.133333333333347,1.5104076188850004e-06,17,0.45333333333333337
-1.1000000000000139,3.3190287763906458e-06,17,0.45333333333333337
-1.0666666666666806,7.1012954403658256e-06,17,0.45333333333333337
-1.0333333333333474,1.4794718937010764e-05,17,0.45333333333333337
-1.0000000000000142,3.0013932614762962e-05,17,0.45333333333333337
-0.966666666666681,5.928673881073864e-05,17,0.45333333333333337
-0.9333333333333478,0.00011401084910572986,17,0.45333333333333337
-0.9000000000000146,0.00021339700185707942,17,0.45333333333333337
-0.8666666666666814,0.00038864362216375014,17,0.45333333333333337
-0.8333333333333481,0.0006884621650061752,17,0.45333333333333337
-0.8000000000000149,0.0011857909528007384,17,0.45333333333333337
-0.7666666666666817,0.001985078627039887,17,0.45333333333333337
-0.7333333333333485,0.003228938009934451,17,0.45333333333333337
-0.7000000000000153,0.005102425604311565,17,0.45333333333333337
-0.6666666666666821,0.00783294866404722,17,0.45333333333333337
-0.6333333333333488,0.011684114560132158,17,0.45333333333333337
-0.6000000000000156,0.016942852929705196,17,0.45333333333333337
-0.5666666666666824,0.02390070785866672,17,0.45333333333333337
-0.5333333333333492,0.03283184286688084,17,0.45333333333333337
-0.500000000000016,0.043971399441674046,17,0.45333333333333337
-0.4666666666666828,0.057497928560320946,17,0.45333333333333337
-0.43333333333334956,0.07352262039633758,17,0.45333333333333337
-0.40000000000001634,0.09208638603815594,17,0.45333333333333337
-0.3666666666666831,0.11316412402031366,17,0.45333333333333337
-0.3333333333333499,0.13667427337716748,17,0.45333333333333337
-0.3000000000000167,0.1624912542096278,17,0.45333333333333337
-0.2666666666666835,0.1904585557048854,17,0.45333333333333337
-0.23333333333335027,0.22040078958111864,17,0.45333333333333337
-0.20000000000001705,0.2521337079885491,17,0.45333333333333337
-0.16666666666668384,0.2854717826045464,17,0.45333333333333337
-0.13333333333335062,0.3202333552106456,17,0.45333333333333337
-0.10000000000001741,0.3562436097663979,17,0.45333333333333337
-0.0666666666666842,0.3933356475427402,17,0.45333333333333337
-0.03333333333335098,0.4313499189298739,17,0.45333333333333337
-1.7763568394002505e-14,0.4701320235286467,17,0.45333333333333337
0.03333333333331545,0.509528515712452,17,0.45333333333333337
0.06666666666664867,0.5493797996045348,17,0.45333333333333337
0.09999999999998188,0.5895071307578702,17,0.45333333333333337
0.1333333333333151,0.6296885393717726,17,0.45333333333333337
0.1666666666666483,0.669607382151786,17,0.45333333333333337
0.19999999999998153,0.708739975343494,17,0.45333333333333337
0.23333333333331474,0.7460850731498636,17,0.45333333333333337
0.26666666666664796,0.7795051048927166,17,0.45333333333333337
0.29999999999998117,0.8041351522665885,17,0.45333333333333337
0.3333333333333144,0.8091247894354634,17,0.45333333333333337
0.3666666666666476,0.7742801344894928,17,0.45333333333333337
0.3999999999999808,0.6772889078292577,17,0.45333333333333337
0.43333333333331403,0.5209013413677066,17,0.45333333333333337
0.46666666666664725,0.34780016397764846,17,0.45333333333333337
0.49999999999998046,0.20708996385955475,17,0.45333333333333337
0.5333333333333137,0.11597975015847785,17,0.45333333333333337
0.5666666666666469,0.06420747188871861,17,0.45333333333333337
0.5999999999999801,0.036081995532184115,17,0.45333333333333337
0.6333333333333133,0.020679368174508803,17,0.45333333333333337
0.6666666666666465,0.0120113775402262,17,0.45333333333333337
0.6999999999999797,0.00700912036072433,17,0.45333333333333337
0.733333333333313,0.004078000228165267,17,0.45333333333333337
0.7666666666666462,0.0023519405371699277,17,0.45333333333333337
0.7999999999999794,0.0013388913038186493,17,0.45333333333333337
0.8333333333333126,0.0007499493570896824,17,0.45333333333333337
0.8666666666666458,0.0004123394481869641,17,0.45333333333333337
0.899999999999979,0.00022213909899649692,17,0.45333333333333337
0.9333333333333123,0.00011709235119574822,17,0.45333333333333337
0.9666666666666455,6.032278301135742e-05,17,0.45333333333333337
0.9999999999999787,3.0345682771300975e-05,17,0.45333333333333337
1.033333333333312,1.4895751871862634e-05,17,0.45333333333333337
1.0666666666666451,7.130521423419441e-06,17,0.45333333333333337
1.0999999999999783,3.327048972610744e-06,17,0.45333333333333337
1.1333333333333115,1.5124929682173468e-06,17,0.45333333333333337
1.1666666666666448,6.696749289392605e-07,17,0.45333333333333337
1.199999999999978,2.886874159481504e-07,17,0.45333333333333337
1.2333333333333112,1.2113029314667588e-07,17,0.45333333333333337
1.2666666666666444,4.94554705245913e-08,17,0.45333333333333337
1.2999999999999776,1.9642331509172433e-08,17,0.45333333333333337
1.3333333333333108,7.587041436509838e-09,17,0.45333333333333337
1.366666666666644,2.8492999451694787e-09,17,0.45333333333333337
1.3999999999999773,1.0401047496559878e-09,17,0.45333333333333337
1.4333333333333105,3.689581466886364e-10,17,0.45333333333333337
1.4666666666666437,1.2715314062097635e-10,17,0.45333333333333337
1.499999999999977,4.2561494829415496e-11,17,0.45333333333333337
1.5333333333333101,1.3833669498848338e-11,17,0.45333333333333337
1.5666666666666433,4.364966375949887e-12,17,0.45333333333333337
1.5999999999999766,1.3367220879008865e-12,17,0.45333333333333337
1.6333333333333098,3.9720387701563506e-13,17,0.45333333333333337
1.666666666666643,1.144973047512996e-13,17,0.45333333333333337
1.6999999999999762,3.201001199299244e-14,17,0.45333333333333337
1.7333333333333094,8.67734342814351e-15,17,0.45333333333333337
1.7666666666666426,2.280352991879027e-15,17,0.45333333333333337
1.7999999999999758,5.8081550618147615e-16,17,0.45333333333333337
1.833333333333309,1.433521704366489e-16,17,0.45333333333333337
1.8666666666666423,3.4277737156536334e-17,17,0.45333333333333337
1.8999999999999755,7.939195315901316e-18,17,0.45333333333333337
1.9333333333333087,1.780798782741562e-18,17,0.45333333333333337
1.966666666666642,3.8676548947916334e-19,17,0.45333333333333337
1.9999999999999751,8.13202159767594e-20,17,0.45333333333333337
2.0333333333333083,1.654983581249976e-20,17,0.45333333333333337
2.0666666666666416,3.259587226315706e-21,17,0.45333333333333337
2.0999999999999748,6.212088483883275e-22,17,0.45333333333333337
2.133333333333308,1.1453917810213263e-22,17,0.45333333333333337
2.166666666666641,2.0429140333504184e-23,17,0.45333333333333337
2.1999999999999744,3.524250514719311e-24,17,0.45333333333333337
2.2333333333333076,5.879602306378258e-25,17,0.45333333333333337
2.266666666666641,9.485062865527251e-26,17,0.45333333333333337
2.299999999999974,1.4794244907228426e-26,17,0.45333333333333337
2.3333333333333073,2.2307841718981957e-27,17,0.45333333333333337
2.3666666666666405,3.251537769608433e-28,17,0.45333333333333337
2.3999999999999737,4.5808208631321456e-29,17,0.45333333333333337
2.433333333333307,6.2370634642761324e-30,17,0.45333333333333337
2.46666666666664,8.206551572511904e-31,17,0.45333333333333337
2.4999999999999734,1.0433942014270132e-31,17,0.45333333333333337
2.5333333333333066,1.2817663448614596e-32,17,0.45333333333333337
2.56666666666664,1.5212814362047677e-33,17,0.45333333333333337
2.599999999999973,1.7442949884510877e-34,17,0.45333333333333337
2.633333333333306,1.9320180083703014e-35,17,0.45333333333333337
2.6666666666666394,2.0670747821020577e-36,17,0.45333333333333337
2.6999999999999726,2.1361390663865187e-37,17,0.45333333333333337
2.733333333333306,2.132098405535559e-38,17,0.45333333333333337
2.766666666666639,2.0552605664034916e-39,17,0.45333333333333337
2.7999999999999723,1.913318934372709e-40,17,0.45333333333333337
2.8333333333333055,1.7200810232508793e-41,17,0.45333333333333337
2.8666666666666387,1.4932514641237075e-42,17,0.45333333333333337
2.899999999999972,1.2517630334911785e-43,17,0.45333333333333337
2.933333333333305,1.0132115678909036e-44,17,0.45333333333333337
2.9666666666666384,7.91866103414165e-46,17,0.45333333333333337
2.9999999999999716,5.97534090450096e-47,17,0.45333333333333337
3.033333333333305,4.3533099060892826e-48,17,0.45333333333333337
3.066666666666638,3.0620335738334042e-49,17,0.45333333333333337
3.0999999999999712,2.0793236318255627e-50,17,0.45333333333333337
3.1333333333333044,1.3631544977880106e-51,17,0.45333333333333337
3.1666666666666377,8.627176993762923e-53,17,0.45333333333333337
3.199999999999971,5.270883596886263e-54,17,0.45333333333333337
3.233333333333304,3.108710743799051e-55,17,0.45333333333333337
3.2666666666666373,1.7699094325776155e-56,17,0.45333333333333337
3.2999999999999705,9.727199744732833e-58,17,0.45333333333333337
3.3333333333333037,5.1604006365711145e-59,17,0.45333333333333337
3.366666666666637,2.6425974998116916e-60,17,0.45333333333333337
3.39999999999997,1.3062439805675938e-61,17,0.45333333333333337
3.4333333333333034,6.232429273742278e-63,17,0.45333333333333337
3.4666666666666366,2.8702827179175346e-64,17,0.45333333333333337
3.49999999999997,1.2759131389953018e-65,17,0.45333333333333337
3.533333333333303,5.474467227473761e-67,17,0.45333333333333337
3.5666666666666362,2.267161462623142e-68,17,0.45333333333333337
3.5999999999999694,9.062305646889192e-70,17,0.45333333333333337
3.6333333333333027,3.4962842229574973e-71,17,0.45333333333333337
3.666666666666636,1.3019157875338097e-72,17,0.45333333333333337
3.699999999999969,4.679115961017113e-74,17,0.45333333333333337
3.7333333333333023,1.6231038861078766e-75,17,0.45333333333333337
3.7666666666666355,5.434098139548153e-77,17,0.45333333333333337
3.7999999999999687,1.755919265423308e-78,17,0.45333333333333337
3.833333333333302,5.4761452426853695e-80,17,0.45333333333333337
3.866666666666635,1.648300295306588e-81,17,0.45333333333333337
3.8999999999999684,4.788356265728894e-83,17,0.45333333333333337
3.9333333333333016,1.3425276657767298e-84,17,0.45333333333333337
3.966666666666635,3.6328274575576016e-86,17,0.45333333333333337
3.999999999999968,9.48744427822268e-88,17,0.45333333333333337
4.033333333333301,2.3913049773996158e-89,17,0.45333333333333337
4.0666666666666345,5.817017866710815e-91,17,0.45333333333333337
4.099999999999968,1.365664662634707e-92,17,0.45333333333333337
4.133333333333301,3.0943157921050303e-94,17,0.45333333333333337
4.166666666666634,6.766449099236153e-96,17,0.45333333333333337
4.199999999999967,1.4280106627814684e-97,17,0.45333333333333337
4.2333333333333005,2.908542604144229e-99,17,0.45333333333333337
4.266666666666634,5.71730992298127e-101,17,0.45333333333333337
4.299999999999967,1.0846245085141676e-102,17,0.45333333333333337
4.3333333333333,1.9858094734350313e-104,17,0.45333333333333337
4.366666666666633,3.508854838770857e-106,17,0.45333333333333337
4.399999999999967,5.983593949560114e-108,17,0.45333333333333337
4.4333333333333,9.84752287313443e-110,17,0.45333333333333337
4.466666666666633,1.564081520892484e-111,17,0.45333333333333337
4.499999999999966,2.3975001996344573e-113,17,0.45333333333333337
4.5333333333332995,3.5466980744667295e-115,17,0.45333333333333337
4.566666666666633,5.063555168867493e-117,17,0.45333333333333337
4.599999999999966,6.97673342869415e-119,17,0.45333333333333337
4.633333333333299,9.277126968874683e-121,17,0.45333333333333337
4.666666666666632,1.1905269261801438e-122,17,0.45333333333333337
4.6999999999999655,1.4744460560011942e-124,17,0.45333333333333337
4.733333333333299,1.7623092426610303e-126,17,0.45333333333333337
4.766666666666632,2.0328183006011903e-128,17,0.45333333333333337
4.799999999999965,2.2629652654576117e-130,17,0.45333333333333337
4.833333333333298,2.43119498426217e-132,17,0.45333333333333337
4.866666666666632,2.5207163941337924e-134,17,0.45333333333333337
4.899999999999965,2.522262057396049e-136,17,0.45333333333333337
4.933333333333298,2.4356686496216754e-138,17,0.45333333333333337
4.966666666666631,2.269905376922588e-140,17,0.45333333333333337
4.9999999999999645,2.0415446822322458e-142,17,0.45333333333333337
-5.0,1.029706701255923e-142,18,0.48000000000000004
-4.966666666666667,1.2178352108793497e-138,18,0.48000000000000004
-4.933333333333334,1.2612445151747106e-136,18,0.48000000000000004
-4.9,1.260479980492479e-134,18,0.48000000000000004
-4.866666666666667,1.2157236052280805e-132,18,0.48000000000000004
-4.833333333333334,1.1316086685430447e-130,18,0.48000000000000004
-4.800000000000001,1.0165307100449543e-128,18,0.48000000000000004
-4.7666666666666675,8.812677695896301e-127,18,0.48000000000000004
-4.733333333333334,7.373246689121902e-125,18,0.48000000000000004
-4.700000000000001,5.953515785494299e-123,18,0.48000000000000004
-4.666666666666668,4.6393007074439805e-121,18,0.48000000000000004
-4.633333333333335,3.4889619777941e-119,18,0.48000000000000004
-4.600000000000001,2.532241440770675e-117,18,0.48000000000000004
-4.566666666666668,1.7736978738967835e-115,18,0.48000000000000004
-4.533333333333335,1.1990032775703213e-113,18,0.48000000000000004
-4.500000000000002,7.82218095346497e-112,18,0.48000000000000004
-4.466666666666669,4.924960186645334e-110,18,0.48000000000000004
-4.433333333333335,2.9925790155274044e-108,18,0.48000000000000004
-4.400000000000002,1.7549197955215028e-106,18,0.48000000000000004
-4.366666666666669,9.932039164107309e-105,18,0.48000000000000004
-4.333333333333336,5.424876969967244e-103,18,0.48000000000000004
-4.3000000000000025,2.859647866215322e-101,18,0.48000000000000004
-4.266666666666669,1.4548136143203336e-99,18,0.48000000000000004
-4.233333333333336,7.142911968839387e-98,18,0.48000000000000004
-4.200000000000003,3.3846788209062944e-96,18,0.48000000000000004
-4.16666666666667,1.5478719013776143e-94,18,0.48000000000000004
-4.133333333333336,6.831706537695771e-93,18,0.48000000000000004
-4.100000000000003,2.91005609123988e-91,18,0.48000000000000004
-4.06666666666667,1.1963353210263981e-89,18,0.48000000000000004
-4.033333333333337,4.7466306480262084e-88,18,0.48000000000000004
-4.0000000000000036,1.817609381260473e-86,18,0.48000000000000004
-3.9666666666666703,6.717382050996981e-85,18,0.48000000000000004
-3.933333333333337,2.3959945465841662e-83,18,0.48000000000000004
-3.900000000000004,8.24821411483087e-82,18,0.48000000000000004
-3.8666666666666707,2.740466799465343e-80,18,0.48000000000000004
-3.8333333333333375,8.787837828560836e-79,18,0.48000000000000004
-3.8000000000000043,2.719787142385521e-77,18,0.48000000000000004
-3.766666666666671,8.124299026837164e-76,18,0.48000000000000004
-3.733333333333338,2.3422750295700046e-74,18,0.48000000000000004
-3.7000000000000046,6.517694457076605e-73,18,0.48000000000000004
-3.6666666666666714,1.7504816694531349e-71,18,0.48000000000000004
-3.633333333333338,4.537662402366652e-70,18,0.48000000000000004
-3.600000000000005,1.1353288734191754e-68,18,0.48000000000000004
-3.5666666666666718,2.7417647665510472e-67,18,0.48000000000000004
-3.5333333333333385,6.390901502268352e-66,18,0.48000000000000004
-3.5000000000000053,1.4378785925677591e-64,18,0.48000000000000004
-3.466666666666672,3.12259420255599e-63,18,0.48000000000000004
-3.433333333333339,6.545571316406513e-62,18,0.48000000000000004
-3.4000000000000057,1.3244149645384982e-60,18,0.48000000000000004
-3.3666666666666725,2.5867315381802638e-59,18,0.48000000000000004
-3.3333333333333393,4.87681285985028e-58,18,0.48000000000000004
-3.300000000000006,8.875349166043657e-57,18,0.48000000000000004
-3.266666666666673,1.559218971767165e-55,18,0.48000000000000004
-3.2333333333333396,2.6442913455981147e-54,18,0.48000000000000004
-3.2000000000000064,4.32913205058764e-53,18,0.48000000000000004
-3.166666666666673,6.842126906904427e-52,18,0.48000000000000004
-3.13333333333334,1.0439754044066595e-50,18,0.48000000000000004
-3.1000000000000068,1.5378325594012616e-49,18,0.48000000000000004
-3.0666666666666735,2.187051571197634e-48,18,0.48000000000000004
-3.0333333333333403,3.0029806201113064e-47,18,0.48000000000000004
-3.000000000000007,3.981097066590382e-46,18,0.48000000000000004
-2.966666666666674,5.0959345439632895e-45,18,0.48000000000000004
-2.9333333333333407,6.298408472609814e-44,18,0.48000000000000004
-2.9000000000000075,7.516917898993364e-43,18,0.48000000000000004
-2.8666666666666742,8.662993267906578e-42,18,0.48000000000000004
-2.833333333333341,9.641257245045114e-41,18,0.48000000000000004
-2.800000000000008,1.0362306883153977e-39,18,0.48000000000000004
-2.7666666666666746,1.0756157974369843e-38,18,0.48000000000000004
-2.7333333333333414,1.0783458360226432e-37,18,0.48000000000000004
-2.700000000000008,1.0441978830762e-36,18,0.48000000000000004
-2.666666666666675,9.766896995147654e-36,18,0.48000000000000004
-2.6333333333333417,8.824828681339965e-35,18,0.48000000000000004
-2.6000000000000085,7.7030080814246915e-34,18,0.48000000000000004
-2.5666666666666753,6.496046473715191e-33,18,0.48000000000000004
-2.533333333333342,5.293035078933576e-32,18,0.48000000000000004
-2.500000000000009,4.167364103489935e-31,18,0.48000000000000004
-2.4666666666666757,3.1707014422026124e-30,18,0.48000000000000004
-2.4333333333333425,2.331443189423709e-29,18,0.48000000000000004
-2.4000000000000092,1.6569542021221625e-28,18,0.48000000000000004
-2.366666666666676,1.1382961902624381e-27,18,0.48000000000000004
-2.333333333333343,7.559699342079522e-27,18,0.48000000000000004
-2.3000000000000096,4.8540706413489985e-26,18,0.48000000000000004
-2.2666666666666764,3.0137723777194565e-25,18,0.48000000000000004
-2.233333333333343,1.8095505716838693e-24,18,0.48000000000000004
-2.20000000000001,1.0508550282051483e-23,18,0.48000000000000004
-2.1666666666666767,5.90317143083184e-23,18,0.48000000000000004
-2.1333333333333435,3.2081899436034303e-22,18,0.48000000000000004
-2.1000000000000103,1.6870632022059638e-21,18,0.48000000000000004
-2.066666666666677,8.585522330429295e-21,18,0.48000000000000004
-2.033333333333344,4.228990160146615e-20,18,0.48000000000000004
-2.0000000000000107,2.0165766264549512e-19,18,0.48000000000000004
-1.9666666666666774,9.310594993575798e-19,18,0.48000000000000004
-1.9333333333333442,4.162980402682256e-18,18,0.48000000000000004
-1.900000000000011,1.802926796958738e-17,18,0.48000000000000004
-1.8666666666666778,7.564568287578785e-17,18,0.48000000000000004
-1.8333333333333446,3.075466216630817e-16,18,0.48000000000000004
-1.8000000000000114,1.2118525810811756e-15,18,0.48000000000000004
-1.7666666666666782,4.629079466198148e-15,18,0.48000000000000004
-1.733333333333345,1.7145182480974998e-14,18,0.48000000000000004
-1.7000000000000117,6.158732396205594e-14,18,0.48000000000000004
-1.6666666666666785,2.1460694317397867e-13,18,0.48000000000000004
-1.6333333333333453,7.256096833616139e-13,18,0.48000000000000004
-1.600000000000012,2.3810850082971327e-12,18,0.48000000000000004
-1.5666666666666789,7.585194785095315e-12,18,0.48000000000000004
-1.5333333333333456,2.3463222548227083e-11,18,0.48000000000000004
-1.5000000000000124,7.049334477710886e-11,18,0.48000000000000004
-1.4666666666666792,2.0575939775668311e-10,18,0.48000000000000004
-1.433333333333346,5.836261602905829e-10,18,0.48000000000000004
-1.4000000000000128,1.6091118306459585e-09,18,0.48000000000000004
-1.3666666666666796,4.313473080924237e-09,18,0.48000000000000004
-1.3333333333333464,1.1245269194251648e-08,18,0.48000000000000004
-1.3000000000000131,2.8518443887008207e-08,18,0.48000000000000004
-1.26666666666668,7.037267457946273e-08,18,0.48000000000000004
-1.2333333333333467,1.6900903714101696e-07,18,0.48000000000000004
-1.2000000000000135,3.951328530307645e-07,18,0.48000000000000004
-1.1666666666666803,8.99487402215017e-07,18,0.48000000000000004
-1.133333333333347,1.994093172873749e-06,18,0.48000000000000004
-1.1000000000000139,4.305841900212262e-06,18,0.48000000000000004
-1.0666666666666806,9.056832283149423e-06,18,0.48000000000000004
-1.0333333333333474,1.855744394601358e-05,18,0.48000000000000004
-1.0000000000000142,3.704006966713663e-05,18,0.48000000000000004
-0.966666666666681,7.200997133273386e-05,18,0.48000000000000004
-0.9333333333333478,0.00013633346566130846,18,0.48000000000000004
-0.9000000000000146,0.00025129962655647307,18,0.48000000000000004
-0.8666666666666814,0.00045084389505717864,18,0.48000000000000004
-0.8333333333333481,0.0007869662762185052,18,0.48000000000000004
-0.8000000000000149,0.001336077084622454,18,0.48000000000000004
-0.7666666666666817,0.002205560493269944,18,0.48000000000000004
-0.7333333333333485,0.003539333273697325,18,0.48000000000000004
-0.7000000000000153,0.005520757528170515,18,0.48000000000000004
-0.6666666666666821,0.008371173325020511,18,0.48000000000000004
-0.6333333333333488,0.012342759760751403,18,0.48000000000000004
-0.6000000000000156,0.01770546614878123,18,0.48000000000000004
-0.5666666666666824,0.02472917397016543,18,0.48000000000000004
-0.5333333333333492,0.0336636056236276,18,0.48000000000000004
-0.500000000000016,0.044719269337062446,18,0.48000000000000004
-0.4666666666666828,0.058052591570788875,18,0.48000000000000004
-0.43333333333334956,0.07375737915827034,18,0.48000000000000004
-0.40000000000001634,0.09186326355725742,18,0.48000000000000004
-0.3666666666666831,0.11234033880574003,18,0.48000000000000004
-0.3333333333333499,0.13510823136910413,18,0.48000000000000004
-0.3000000000000167,0.1600474936534236,18,0.48000000000000004
-0.2666666666666835,0.1870114018247007,18,0.48000000000000004
-0.23333333333335027,0.21583674279414444,18,0.48000000000000004
-0.20000000000001705,0.24635275996974515,18,0.48000000000000004
-0.16666666666668384,0.2783879325825148,18,0.48000000000000004
-0.13333333333335062,0.31177462201827694,18,0.48000000000000004
-0.10000000000001741,0.34635179540901306,18,0.48000000000000004
-0.0666666666666842,0.3819661157358529,18,0.48000000000000004
-0.03333333333335098,0.4184715979518388,18,0.48000000000000004
-1.7763568394002505e-14,0.4557279061684978,18,0.48000000000000004
0.03333333333331545,0.49359710263331497,18,0.48000000000000004
0.06666666666664867,0.5319379534571126,18,0.48000000000000004
0.09999999999998188,0.5705962710076262,18,0.48000000000000004
0.1333333333333151,0.6093861786512699,18,0.48000000000000004
0.1666666666666483,0.6480533181508853,18,0.48000000000000004
0.19999999999998153,0.686192449621851,18,0.48000000000000004
0.23333333333331474,0.7230593689373236,18,0.48000000000000004
0.26666666666664796,0.7571120313614716,18,0.48000000000000004
0.29999999999998117,0.7849040038990545,18,0.48000000000000004
0.3333333333333144,0.7986323666671891,18,0.48000000000000004
0.3666666666666476,0.7823993806744474,18,0.48000000000000004
0.3999999999999808,0.7132250417738779,18,0.48000000000000004
0.43333333333331403,0.580095598024587,18,0.48000000000000004
0.46666666666664725,0.4096860434750955,18,0.48000000000000004
0.49999999999998046,0.2533926873912744,18,0.48000000000000004
0.5333333333333137,0.1434014486111389,18,0.48000000000000004
0.5666666666666469,0.07846075125437867,18,0.48000000000000004
0.5999999999999801,0.04318241266726245,18,0.48000000000000004
0.6333333333333133,0.024278213978439298,18,0.48000000000000004
0.6666666666666465,0.01391994596758972,18,0.48000000000000004
0.6999999999999797,0.00807021750510632,18,0.48000000000000004
0.733333333333313,0.004689249677735276,18,0.48000000000000004
0.7666666666666462,0.002711413257179453,18,0.48000000000000004
0.7999999999999794,0.0015519387871802419,18,0.48000000000000004
0.8333333333333126,0.0008759398972233887,18,0.48000000000000004
0.8666666666666458,0.0004861468436948689,18,0.48000000000000004
0.899999999999979,0.0002647471623317207,18,0.48000000000000004
0.9333333333333123,0.00014124008239215774,18,0.48000000000000004
0.9666666666666455,7.372157493517374e-05,18,0.48000000000000004
0.9999999999999787,3.760995083255531e-05,18,0.48000000000000004
1.033333333333312,1.8738276100585624e-05,18,0.48000000000000004
1.0666666666666451,9.11144258507048e-06,18,0.48000000000000004
1.0999999999999783,4.321516907158552e-06,18,0.48000000000000004
1.1333333333333115,1.9983640749330734e-06,18,0.48000000000000004
1.1666666666666448,9.005906329416596e-07,18,0.48000000000000004
1.199999999999978,3.954026978013607e-07,18,0.48000000000000004
1.2333333333333112,1.6907145941528696e-07,18,0.48000000000000004
1.2666666666666444,7.03863151852695e-08,18,0.48000000000000004
1.2999999999999776,2.8521256458206642e-08,18,0.48000000000000004
1.3333333333333108,1.1245815802711493e-08,18,0.48000000000000004
1.366666666666644,4.3135731043791895e-09,18,0.48000000000000004
1.3999999999999773,1.6091290475255336e-09,18,0.48000000000000004
1.4333333333333105,5.836289453516121e-10,18,0.48000000000000004
1.4666666666666437,2.0575982078588966e-10,18,0.48000000000000004
1.499999999999977,7.049340506310765e-11,18,0.48000000000000004
1.5333333333333101,2.3463230603041178e-11,18,0.48000000000000004
1.5666666666666433,7.585195793412528e-12,18,0.48000000000000004
1.5999999999999766,2.38108512648654e-12,18,0.48000000000000004
1.6333333333333098,7.256096963264478e-13,18,0.48000000000000004
1.666666666666643,2.146069445043451e-13,18,0.48000000000000004
1.6999999999999762,6.158732408972418e-14,18,0.48000000000000004
1.7333333333333094,1.714518249243594e-14,18,0.48000000000000004
1.7666666666666426,4.629079467162508e-15,18,0.48000000000000004
1.7999999999999758,1.211852581157839e-15,18,0.48000000000000004
1.833333333333309,3.075466216690063e-16,18,0.48000000000000004
1.8666666666666423,7.56456828762751e-17,18,0.48000000000000004
1.8999999999999755,1.8029267969638947e-17,18,0.48000000000000004
1.9333333333333087,4.16298040269024e-18,18,0.48000000000000004
1.966666666666642,9.310594993591608e-19,18,0.48000000000000004
1.9999999999999751,2.0165766264583156e-19,18,0.48000000000000004
2.0333333333333083,4.228990160153756e-20,18,0.48000000000000004
2.0666666666666416,8.585522330444043e-21,18,0.48000000000000004
2.0999999999999748,1.6870632022089194e-21,18,0.48000000000000004
2.133333333333308,3.2081899436091583e-22,18,0.48000000000000004
2.166666666666641,5.903171430842597e-23,18,0.48000000000000004
2.1999999999999744,1.0508550282071005e-23,18,0.48000000000000004
2.2333333333333076,1.8095505716872915e-24,18,0.48000000000000004
2.266666666666641,3.013772377725271e-25,18,0.48000000000000004
2.299999999999974,4.8540706413585356e-26,18,0.48000000000000004
2.3333333333333073,7.559699342094635e-27,18,0.48000000000000004
2.3666666666666405,1.1382961902647586e-27,18,0.48000000000000004
2.3999999999999737,1.6569542021255971e-28,18,0.48000000000000004
2.433333333333307,2.3314431894286323e-29,18,0.48000000000000004
2.46666666666664,3.170701442209417e-30,18,0.48000000000000004
2.4999999999999734,4.167364103499025e-31,18,0.48000000000000004
2.5333333333333066,5.293035078945304e-32,18,0.48000000000000004
2.56666666666664,6.496046473729853e-33,18,0.48000000000000004
2.599999999999973,7.703008081442353e-34,18,0.48000000000000004
2.633333333333306,8.824828681360541e-35,18,0.48000000000000004
2.6666666666666394,9.766896995170832e-36,18,0.48000000000000004
2.6999999999999726,1.0441978830787066e-36,18,0.48000000000000004
2.733333333333306,1.078345836025277e-37,18,0.48000000000000004
2.766666666666639,1.075615797439643e-38,18,0.48000000000000004
2.7999999999999723,1.0362306883180002e-39,18,0.48000000000000004
2.8333333333333055,9.64125724506973e-41,18,0.48000000000000004
2.8666666666666387,8.662993267928955e-42,18,0.48000000000000004
2.899999999999972,7.516917899013082e-43,18,0.48000000000000004
2.933333333333305,6.298408472626601e-44,18,0.48000000000000004
2.9666666666666384,5.095934543977023e-45,18,0.48000000000000004
2.9999999999999716,3.981097066601272e-46,18,0.48000000000000004
3.033333333333305,3.002980620119647e-47,18,0.48000000000000004
3.066666666666638,2.187051571203769e-48,18,0.48000000000000004
3.0999999999999712,1.5378325594056421e-49,18,0.48000000000000004
3.1333333333333044,1.0439754044096628e-50,18,0.48000000000000004
3.1666666666666377,6.842126906924485e-52,18,0.48000000000000004
3.199999999999971,4.329132050600457e-53,18,0.48000000000000004
3.233333333333304,2.6442913456060193e-54,18,0.48000000000000004
3.2666666666666373,1.559218971771892e-55,18,0.48000000000000004
3.2999999999999705,8.875349166070932e-57,18,0.48000000000000004
3.3333333333333037,4.876812859865475e-58,18,0.48000000000000004
3.366666666666637,2.5867315381883953e-59,18,0.48000000000000004
3.39999999999997,1.3244149645427168e-60,18,0.48000000000000004
3.4333333333333034,6.545571316427557e-62,18,0.48000000000000004
3.4666666666666366,3.1225942025661157e-63,18,0.48000000000000004
3.49999999999997,1.4378785925725041e-64,18,0.48000000000000004
3.533333333333303,6.390901502289624e-66,18,0.48000000000000004
3.5666666666666362,2.7417647665603254e-67,18,0.48000000000000004
3.5999999999999694,1.1353288734230498e-68,18,0.48000000000000004
3.6333333333333027,4.537662402382265e-70,18,0.48000000000000004
3.666666666666636,1.7504816694592573e-71,18,0.48000000000000004
3.699999999999969,6.517694457099588e-73,18,0.48000000000000004
3.7333333333333023,2.3422750295783304e-74,18,0.48000000000000004
3.7666666666666355,8.1242990268665e-76,18,0.48000000000000004
3.7999999999999687,2.719787142395419e-77,18,0.48000000000000004
3.833333333333302,8.787837828593074e-79,18,0.48000000000000004
3.866666666666635,2.7404667994755493e-80,18,0.48000000000000004
3.8999999999999684,8.248214114861824e-82,18,0.48000000000000004
3.9333333333333016,2.395994546593226e-83,18,0.48000000000000004
3.966666666666635,6.71738205102276e-85,18,0.48000000000000004
3.999999999999968,1.8176093812675008e-86,18,0.48000000000000004
4.033333333333301,4.7466306480446954e-88,18,0.48000000000000004
4.0666666666666345,1.1963353210311252e-89,18,0.48000000000000004
4.099999999999968,2.91005609125146e-91,18,0.48000000000000004
4.133333333333301,6.831706537723153e-93,18,0.48000000000000004
4.166666666666634,1.547871901383906e-94,18,0.48000000000000004
4.199999999999967,3.3846788209201486e-96,18,0.48000000000000004
4.2333333333333005,7.142911968868833e-98,18,0.48000000000000004
4.266666666666634,1.4548136143263715e-99,18,0.48000000000000004
4.299999999999967,2.8596478662273527e-101,18,0.48000000000000004
4.3333333333333,5.424876969990224e-103,18,0.48000000000000004
4.366666666666633,9.932039164149937e-105,18,0.48000000000000004
4.399999999999967,1.7549197955290853e-106,18,0.48000000000000004
4.4333333333333,2.992579015540503e-108,18,0.48000000000000004
4.466666666666633,4.924960186667033e-110,18,0.48000000000000004
4.499999999999966,7.822180953499654e-112,18,0.48000000000000004
4.5333333333332995,1.199003277575672e-113,18,0.48000000000000004
4.566666666666633,1.7736978739047995e-115,18,0.48000000000000004
4.599999999999966,2.5322414407821904e-117,18,0.48000000000000004
4.633333333333299,3.4889619778101647e-119,18,0.48000000000000004
4.666666666666632,4.639300707465342e-121,18,0.48000000000000004
4.6999999999999655,5.9535157855220496e-123,18,0.48000000000000004
4.733333333333299,7.373246689156272e-125,18,0.48000000000000004
4.766666666666632,8.812677695937881e-127,18,0.48000000000000004
4.799999999999965,1.0165307100498083e-128,18,0.48000000000000004
4.833333333333298,1.1316086685485126e-130,18,0.48000000000000004
4.866666666666632,1.2157236052339547e-132,18,0.48000000000000004
4.899999999999965,1.2604799804993773e-134,18,0.48000000000000004
4.933333333333298,1.2612445239668707e-136,18,0.48000000000000004
4.966666666666631,1.2179364020449493e-138,18,0.48000000000000004
4.9999999999999645,1.1350420320626918e-140,18,0.48000000000000004
-5.0,5.726695495376255e-141,19,0.5066666666666667
-4.966666666666667,6.30622772440706e-137,19,0.5066666666666667
-4.933333333333334,6.303008820067834e-135,19,0.5066666666666667
-4.9,6.07924864839799e-133,19,0.5066666666666667
-4.866666666666667,5.65867358270547e-131,19,0.5066666666666667
-4.833333333333334,5.0832614120273854e-129,19,0.5066666666666667
-4.800000000000001,4.406904652282422e-127,19,0.5066666666666667
-4.7666666666666675,3.6871316099159735e-125,19,0.5066666666666667
-4.733333333333334,2.977198526631944e-123,19,0.5066666666666667
-4.700000000000001,2.3200190160564463e-121,19,0.5066666666666667
-4.666666666666668,1.7447786646863248e-119,19,0.5066666666666667
-4.633333333333335,1.2663526854207097e-117,19,0.5066666666666667
-4.600000000000001,8.870233850472814e-116,19,0.5066666666666667
-4.566666666666668,5.9962825085719915e-114,19,0.5066666666666667
-4.533333333333335,3.9119773256694336e-112,19,0.5066666666666667
-4.500000000000002,2.4630795949614522e-110,19,0.5066666666666667
-4.466666666666669,1.4966806168113754e-108,19,0.5066666666666667
-4.433333333333335,8.777061457700837e-107,19,0.5066666666666667
-4.400000000000002,4.967515871561418e-105,19,0.5066666666666667
-4.366666666666669,2.713315944881383e-103,19,0.5066666666666667
-4.333333333333336,1.4303205350658665e-101,19,0.5066666666666667
-4.3000000000000025,7.276780510086652e-100,19,0.5066666666666667
-4.266666666666669,3.572885808352801e-98,19,0.5066666666666667
-4.233333333333336,1.6930668172603074e-96,19,0.5066666666666667
-4.200000000000003,7.742930962872491e-95,19,0.5066666666666667
-4.16666666666667,3.417545608258339e-93,19,0.5066666666666667
-4.133333333333336,1.455801981570629e-91,19,0.5066666666666667
-4.100000000000003,5.985092458400839e-90,19,0.5066666666666667
-4.06666666666667,2.3747703520587242e-88,19,0.5066666666666667
-4.033333333333337,9.094028582907496e-87,19,0.5066666666666667
-4.0000000000000036,3.361064340822504e-85,19,0.5066666666666667
-3.9666666666666703,1.1989060779827134e-83,19,0.5066666666666667
-3.933333333333337,4.1274657484409334e-82,19,0.5066666666666667
-3.900000000000004,1.3714313970059635e-80,19,0.5066666666666667
-3.8666666666666707,4.398043021337833e-79,19,0.5066666666666667
-3.8333333333333375,1.3612638045924932e-77,19,0.5066666666666667
-3.8000000000000043,4.0665434323328626e-76,19,0.5066666666666667
-3.766666666666671,1.172497408356195e-74,19,0.5066666666666667
-3.733333333333338,3.262909378051721e-73,19,0.5066666666666667
-3.7000000000000046,8.764119722413525e-72,19,0.5066666666666667
-3.6666666666666714,2.2720900484118642e-70,19,0.5066666666666667
-3.633333333333338,5.685396775443143e-69,19,0.5066666666666667
-3.600000000000005,1.3731512144767069e-67,19,0.5066666666666667
-3.5666666666666718,3.201127395501272e-66,19,0.5066666666666667
-3.5333333333333385,7.203101786671551e-65,19,0.5066666666666667
-3.5000000000000053,1.564492552029129e-63,19,0.5066666666666667
-3.466666666666672,3.279975051166095e-62,19,0.5066666666666667
-3.433333333333339,6.637687793705272e-61,19,0.5066666666666667
-3.4000000000000057,1.2966385547483352e-59,19,0.5066666666666667
-3.3666666666666725,2.4450285047478323e-58,19,0.5066666666666667
-3.3333333333333393,4.4506082407127294e-57,19,0.5066666666666667
-3.300000000000006,7.820478923135076e-56,19,0.5066666666666667
-3.266666666666673,1.326583347382079e-54,19,0.5066666666666667
-3.2333333333333396,2.1723621201526557e-53,19,0.5066666666666667
-3.2000000000000064,3.434284910180204e-52,19,0.5066666666666667
-3.166666666666673,5.2415226822862356e-51,19,0.5066666666666667
-3.13333333333334,7.72337343154083e-50,19,0.5066666666666667
-3.1000000000000068,1.0987456626208503e-48,19,0.5066666666666667
-3.0666666666666735,1.5091794728526594e-47,19,0.5066666666666667
-3.0333333333333403,2.001483791151179e-46,19,0.5066666666666667
-3.000000000000007,2.5629821750822013e-45,19,0.5066666666666667
-2.966666666666674,3.169109721637859e-44,19,0.5066666666666667
-2.9333333333333407,3.783938622216499e-43,19,0.5066666666666667
-2.9000000000000075,4.362988676316338e-42,19,0.5066666666666667
-2.8666666666666742,4.858213212017523e-41,19,0.5066666666666667
-2.833333333333341,5.2244684079165214e-40,19,0.5066666666666667
-2.800000000000008,5.426285273410147e-39,19,0.5066666666666667
-2.7666666666666746,5.443540714528986e-38,19,0.5066666666666667
-2.7333333333333414,5.2747702052528496e-37,19,0.5066666666666667
-2.700000000000008,4.937365789374959e-36,19,0.5066666666666667
-2.666666666666675,4.4646242348237925e-35,19,0.5066666666666667
-2.6333333333333417,3.900338525688084e-34,19,0.5066666666666667
-2.6000000000000085,3.292147380264295e-33,19,0.5066666666666667
-2.5666666666666753,2.6850325798739115e-32,19,0.5066666666666667
-2.533333333333342,2.116162284113544e-31,19,0.5066666666666667
-2.500000000000009,1.6118158964959743e-30,19,0.5066666666666667
-2.4666666666666757,1.1865584152293041e-29,19,0.5066666666666667
-2.4333333333333425,8.443306082720943e-29,19,0.5066666666666667
-2.4000000000000092,5.808053110783376e-28,19,0.5066666666666667
-2.366666666666676,3.862697381145869e-27,19,0.5066666666666667
-2.333333333333343,2.4839501301876212e-26,19,0.5066666666666667
-2.3000000000000096,1.544684685570126e-25,19,0.5066666666666667
-2.2666666666666764,9.290456390486796e-25,19,0.5066666666666667
-2.233333333333343,5.404963759911714e-24,19,0.5066666666666667
-2.20000000000001,3.0420632440001136e-23,19,0.5066666666666667
-2.1666666666666767,1.6566377232119726e-22,19,0.5066666666666667
-2.1333333333333435,8.730474582571412e-22,19,0.5066666666666667
-2.1000000000000103,4.4531706623948194e-21,19,0.5066666666666667
-2.066666666666677,2.1988482401836055e-20,19,0.5066666666666667
-2.033333333333344,1.0512159248796221e-19,19,0.5066666666666667
-2.0000000000000107,4.86674700479523e-19,19,0.5066666666666667
-1.9666666666666774,2.1823190326638754e-18,19,0.5066666666666667
-1.9333333333333442,9.48016373447248e-18,19,0.5066666666666667
-1.900000000000011,3.9904331639235053e-17,19,0.5066666666666667
-1.8666666666666778,1.6278794481633452e-16,19,0.5066666666666667
-1.8333333333333446,6.437491319784814e-16,19,0.5066666666666667
-1.8000000000000114,2.4683130439306106e-15,19,0.5066666666666667
-1.7666666666666782,9.178517531028028e-15,19,0.5066666666666667
-1.733333333333345,3.3108201714126286e-14,19,0.5066666666666667
-1.7000000000000117,1.1587606282746768e-13,19,0.5066666666666667
-1.6666666666666785,3.9359850366173036e-13,19,0.5066666666666667
-1.6333333333333453,1.297845975734431e-12,19,0.5066666666666667
-1.600000000000012,4.155402234217062e-12,19,0.5066666666666667
-1.5666666666666789,1.2922153778153137e-11,19,0.5066666666666667
-1.5333333333333456,3.9039269780119735e-11,19,0.5066666666666667
-1.5000000000000124,1.1461131014409782e-10,19,0.5066666666666667
-1.4666666666666792,3.2705975246671584e-10,19,0.5066666666666667
-1.433333333333346,9.0743561369194e-10,19,0.5066666666666667
-1.4000000000000128,2.448549616954324e-09,19,0.5066666666666667
-1.3666666666666796,6.4271904876754355e-09,19,0.5066666666666667
-1.3333333333333464,1.6415958325027105e-08,19,0.5066666666666667
-1.3000000000000131,4.0808970921685735e-08,19,0.5066666666666667
-1.26666666666668,9.876373496386198e-08,19,0.5066666666666667
-1.2333333333333467,2.3275273356958196e-07,19,0.5066666666666667
-1.2000000000000135,5.342480635753107e-07,19,0.5066666666666667
-1.1666666666666803,1.1946122488967346e-06,19,0.5066666666666667
-1.133333333333347,2.602661104974263e-06,19,0.5066666666666667
-1.1000000000000139,5.525447118050901e-06,19,0.5066666666666667
-1.0666666666666806,1.1431577755422652e-05,19,0.5066666666666667
-1.0333333333333474,2.304819298703304e-05,19,0.5066666666666667
-1.0000000000000142,4.5282739427924615e-05,19,0.5066666666666667
-0.966666666666681,8.668332469480289e-05,19,0.5066666666666667
-0.9333333333333478,0.00016164320573133623,19,0.5066666666666667
-0.9000000000000146,0.00029355174567847336,19,0.5066666666666667
-0.8666666666666814,0.0005190217185039696,19,0.5066666666666667
-0.8333333333333481,0.0008931441214881477,19,0.5066666666666667
-0.8000000000000149,0.001495414348510311,19,0.5066666666666667
-0.7666666666666817,0.00243555682355064,19,0.5066666666666667
-0.7333333333333485,0.003858036157401154,19,0.5066666666666667
-0.7000000000000153,0.005943743366795872,19,0.5066666666666667
-0.6666666666666821,0.008907385653495603,19,0.5066666666666667
-0.6333333333333488,0.012989638339159249,19,0.5066666666666667
-0.6000000000000156,0.0184441292001114,19,0.5066666666666667
-0.5666666666666824,0.025520584923796916,19,0.5066666666666667
-0.5333333333333492,0.034446565452655134,19,0.5066666666666667
-0.500000000000016,0.0454107255883079,19,0.5066666666666667
-0.4666666666666828,0.058550256661615174,19,0.5066666666666667
-0.43333333333334956,0.07394417640336208,19,0.5066666666666667
-0.40000000000001634,0.09161281883346686,19,0.5066666666666667
-0.3666666666666831,0.11152267246472132,19,0.5066666666666667
-0.3333333333333499,0.13359494652923098,19,0.5066666666666667
-0.3000000000000167,0.15771601055115195,19,0.5066666666666667
-0.2666666666666835,0.18374805836073543,19,0.5066666666666667
-0.23333333333335027,0.21153879731076866,19,0.5066666666666667
-0.20000000000001705,0.2409294693948134,19,0.5066666666666667
-0.16666666666668384,0.27176094447602533,19,0.5066666666666667
-0.13333333333335062,0.30387791896066796,19,0.5066666666666667
-0.10000000000001741,0.33713142914992583,19,0.5066666666666667
-0.0666666666666842,0.37137991425856226,19,0.5066666666666667
-0.03333333333335098,0.40648904877409775,19,0.5066666666666667
-1.7763568394002505e-14,0.4423304260054493,19,0.5066666666666667
0.03333333333331545,0.47877891743932155,19,0.5066666666666667
0.06666666666664867,0.5157082858685096,19,0.5066666666666667
0.09999999999998188,0.55298336037358,19,0.5066666666666667
0.1333333333333151,0.5904461948435429,19,0.5066666666666667
0.1666666666666483,0.6278876014991926,19,0.5066666666666667
0.19999999999998153,0.6649879939757708,19,0.5066666666666667
0.23333333333331474,0.7011805304688098,19,0.5066666666666667
0.26666666666664796,0.7353297975524437,19,0.5066666666666667
0.29999999999998117,0.7649531932031021,19,0.5066666666666667
0.3333333333333144,0.7844367931781525,19,0.5066666666666667
0.3666666666666476,0.7817534435955507,19,0.5066666666666667
0.3999999999999808,0.7363750669559683,19,0.5066666666666667
0.43333333333331403,0.6296250038235012,19,0.5066666666666667
0.46666666666664725,0.47120475247275695,19,0.5066666666666667
0.49999999999998046,0.30599948179401815,19,0.5066666666666667
0.5333333333333137,0.17753707223002066,19,0.5066666666666667
0.5666666666666469,0.09703178157920214,19,0.5066666666666667
0.5999999999999801,0.0524828141790927,19,0.5066666666666667
0.6333333333333133,0.028885370491031112,19,0.5066666666666667
0.6666666666666465,0.016279076394453442,19,0.5066666666666667
0.6999999999999797,0.009338952989302594,19,0.5066666666666667
0.733333333333313,0.005402370710888589,19,0.5066666666666667
0.7666666666666462,0.003124510342165956,19,0.5066666666666667
0.7999999999999794,0.001794993475430953,19,0.5066666666666667
0.8333333333333126,0.0010194772504866594,19,0.5066666666666667
0.8666666666666458,0.0005704829657062717,19,0.5066666666666667
0.899999999999979,0.0003137367410420654,19,0.5066666666666667
0.9333333333333123,0.00016924729987131756,19,0.5066666666666667
0.9666666666666455,8.942872346285103e-05,19,0.5066666666666667
0.9999999999999787,4.6230942267403626e-05,19,0.5066666666666667
1.033333333333312,2.3360963006816024e-05,19,0.5066666666666667
1.0666666666666451,1.1529962993368657e-05,19,0.5066666666666667
1.0999999999999783,5.554919134987178e-06,19,0.5066666666666667
1.1333333333333115,2.611057342939084e-06,19,0.5066666666666667
1.1666666666666448,1.1968841537903537e-06,19,0.5066666666666667
1.199999999999978,5.348312026741392e-07,19,0.5066666666666667
1.2333333333333112,2.3289453677112713e-07,19,0.5066666666666667
1.2666666666666444,9.879636349108607e-08,19,0.5066666666666667
1.2999999999999776,4.08160664595435e-08,19,0.5066666666666667
1.3333333333333108,1.6417414940263945e-08,19,0.5066666666666667
1.366666666666644,6.427472449894329e-09,19,0.5066666666666667
1.3999999999999773,2.4486010285186587e-09,19,0.5066666666666667
1.4333333333333105,9.074444346651034e-10,19,0.5066666666666667
1.4666666666666437,3.2706117527449055e-10,19,0.5066666666666667
1.499999999999977,1.1461152570282273e-10,19,0.5066666666666667
1.5333333333333101,3.903930042924244e-11,19,0.5066666666666667
1.5666666666666433,1.292215786487283e-11,19,0.5066666666666667
1.5999999999999766,4.15540274488089e-12,19,0.5066666666666667
1.6333333333333098,1.2978460354965672e-12,19,0.5066666666666667
1.666666666666643,3.9359851020819055e-13,19,0.5066666666666667
1.6999999999999762,1.1587606349839968e-13,19,0.5066666666666667
1.7333333333333094,3.31082017784441e-14,19,0.5066666666666667
1.7666666666666426,9.178517536796947e-15,19,0.5066666666666667
1.7999999999999758,2.4683130444157616e-15,19,0.5066666666666667
1.833333333333309,6.437491320170574e-16,19,0.5066666666666667
1.8666666666666423,1.6278794481932263e-16,19,0.5066666666666667
1.8999999999999755,3.990433163948267e-17,19,0.5066666666666667
1.9333333333333087,9.480163734499054e-18,19,0.5066666666666667
1.966666666666642,2.1823190326680358e-18,19,0.5066666666666667
1.9999999999999751,4.866747004803491e-19,19,0.5066666666666667
2.0333333333333083,1.051215924881378e-19,19,0.5066666666666667
2.0666666666666416,2.198848240187324e-20,19,0.5066666666666667
2.0999999999999748,4.4531706624024795e-21,19,0.5066666666666667
2.133333333333308,8.730474582586727e-22,19,0.5066666666666667
2.166666666666641,1.6566377232149342e-22,19,0.5066666666666667
2.1999999999999744,3.042063244005663e-23,19,0.5066666666666667
2.2333333333333076,5.404963759921766e-24,19,0.5066666666666667
2.266666666666641,9.290456390504385e-25,19,0.5066666666666667
2.299999999999974,1.5446846855731087e-25,19,0.5066666666666667
2.3333333333333073,2.4839501301925057e-26,19,0.5066666666666667
2.3666666666666405,3.862697381153597e-27,19,0.5066666666666667
2.3999999999999737,5.808053110795225e-28,19,0.5066666666666667
2.433333333333307,8.443306082738457e-29,19,0.5066666666666667
2.46666666666664,1.1865584152318113e-29,19,0.5066666666666667
2.4999999999999734,1.611815896499435e-30,19,0.5066666666666667
2.5333333333333066,2.116162284118162e-31,19,0.5066666666666667
2.56666666666664,2.6850325798798637e-32,19,0.5066666666666667
2.599999999999973,3.292147380271729e-33,19,0.5066666666666667
2.633333333333306,3.9003385256970305e-34,19,0.5066666666666667
2.6666666666666394,4.464624234834206e-35,19,0.5066666666666667
2.6999999999999726,4.93736578938668e-36,19,0.5066666666666667
2.733333333333306,5.274770205265515e-37,19,0.5066666666666667
2.766666666666639,5.443540714542284e-38,19,0.5066666666666667
2.7999999999999723,5.426285273423564e-39,19,0.5066666666666667
2.8333333333333055,5.2244684079296454e-40,19,0.5066666666666667
2.8666666666666387,4.858213212029931e-41,19,0.5066666666666667
2.899999999999972,4.3629886763276103e-42,19,0.5066666666666667
2.933333333333305,3.783938622226426e-43,19,0.5066666666666667
2.9666666666666384,3.169109721646307e-44,19,0.5066666666666667
2.9999999999999716,2.5629821750891097e-45,19,0.5066666666666667
3.033333333333305,2.001483791156655e-46,19,0.5066666666666667
3.066666666666638,1.5091794728568517e-47,19,0.5066666666666667
3.0999999999999712,1.0987456626239328e-48,19,0.5066666666666667
3.1333333333333044,7.723373431562833e-50,19,0.5066666666666667
3.1666666666666377,5.2415226823013164e-51,19,0.5066666666666667
3.199999999999971,3.434284910190273e-52,19,0.5066666666666667
3.233333333333304,2.172362120159088e-53,19,0.5066666666666667
3.2666666666666373,1.326583347386045e-54,19,0.5066666666666667
3.2999999999999705,7.820478923158787e-56,19,0.5066666666666667
3.3333333333333037,4.450608240726408e-57,19,0.5066666666666667
3.366666666666637,2.445028504755451e-58,19,0.5066666666666667
3.39999999999997,1.2966385547524114e-59,19,0.5066666666666667
3.4333333333333034,6.637687793726414e-61,19,0.5066666666666667
3.4666666666666366,3.279975051176641e-62,19,0.5066666666666667
3.49999999999997,1.5644925520342026e-63,19,0.5066666666666667
3.533333333333303,7.203101786695322e-65,19,0.5066666666666667
3.5666666666666362,3.201127395511927e-66,19,0.5066666666666667
3.5999999999999694,1.3731512144813539e-67,19,0.5066666666666667
3.6333333333333027,5.685396775462546e-69,19,0.5066666666666667
3.666666666666636,2.2720900484196824e-70,19,0.5066666666666667
3.699999999999969,8.764119722444178e-72,19,0.5066666666666667
3.7333333333333023,3.262909378063227e-73,19,0.5066666666666667
3.7666666666666355,1.1724974083603629e-74,19,0.5066666666666667
3.7999999999999687,4.0665434323475464e-76,19,0.5066666666666667
3.833333333333302,1.3612638045974473e-77,19,0.5066666666666667
3.866666666666635,4.3980430213539675e-79,19,0.5066666666666667
3.8999999999999684,1.3714313970110712e-80,19,0.5066666666666667
3.9333333333333016,4.1274657484564233e-82,19,0.5066666666666667
3.966666666666635,1.1989060779872467e-83,19,0.5066666666666667
3.999999999999968,3.3610643408354023e-85,19,0.5066666666666667
4.033333333333301,9.094028582942659e-87,19,0.5066666666666667
4.0666666666666345,2.3747703520679733e-88,19,0.5066666666666667
4.099999999999968,5.985092458424488e-90,19,0.5066666666666667
4.133333333333301,1.455801981576422e-91,19,0.5066666666666667
4.166666666666634,3.4175456082720367e-93,19,0.5066666666666667
4.199999999999967,7.742930962903964e-95,19,0.5066666666666667
4.2333333333333005,1.6930668172672374e-96,19,0.5066666666666667
4.266666666666634,3.5728858083675303e-98,19,0.5066666666666667
4.299999999999967,7.276780510116852e-100,19,0.5066666666666667
4.3333333333333,1.430320535071884e-101,19,0.5066666666666667
4.366666666666633,2.7133159448928764e-103,19,0.5066666666666667
4.399999999999967,4.9675158715827385e-105,19,0.5066666666666667
4.4333333333333,8.77706145773876e-107,19,0.5066666666666667
4.466666666666633,1.4966806168179265e-108,19,0.5066666666666667
4.499999999999966,2.4630795949723043e-110,19,0.5066666666666667
4.5333333333332995,3.911977325686779e-112,19,0.5066666666666667
4.566666666666633,5.9962825085987505e-114,19,0.5066666666666667
4.599999999999966,8.870233850512902e-116,19,0.5066666666666667
4.633333333333299,1.2663526854264685e-117,19,0.5066666666666667
4.666666666666632,1.7447786646943585e-119,19,0.5066666666666667
4.6999999999999655,2.3200190160671287e-121,19,0.5066666666666667
4.733333333333299,2.9771985266458218e-123,19,0.5066666666666667
4.766666666666632,3.687131609933161e-125,19,0.5066666666666667
4.799999999999965,4.406904652303215e-127,19,0.5066666666666667
4.833333333333298,5.083261412051658e-129,19,0.5066666666666667
4.866666666666632,5.658673582732813e-131,19,0.5066666666666667
4.899999999999965,6.079248648431757e-133,19,0.5066666666666667
4.933333333333298,6.303008870697909e-135,19,0.5066666666666667
4.966666666666631,6.3067901408503845e-137,19,0.5066666666666667
4.9999999999999645,6.0901968635753745e-139,19,0.5066666666666667
-5.0,3.0737319092645684e-139,20,0.5333333333333333
-4.966666666666667,3.151507273381665e-135,20,0.5333333333333333
-4.933333333333334,3.0399396355852154e-133,20,0.5333333333333333
-4.9,2.8296519417937386e-131,20,0.5333333333333333
-4.866666666666667,2.5419346684461125e-129,20,0.5333333333333333
-4.833333333333334,2.2037352598203465e-127,20,0.5333333333333333
-4.800000000000001,1.843819968028588e-125,20,0.5333333333333333
-4.7666666666666675,1.488819608548586e-123,20,0.5333333333333333
-4.733333333333334,1.160193864608719e-121,20,0.5333333333333333
-4.700000000000001,8.72538192269494e-120,20,0.5333333333333333
-4.666666666666668,6.332923436611577e-118,20,0.5333333333333333
-4.633333333333335,4.4359893145687505e-116,20,0.5333333333333333
-4.600000000000001,2.998774430628706e-114,20,0.5333333333333333
-4.566666666666668,1.9564321745272405e-112,20,0.5333333333333333
-4.533333333333335,1.2318396116061547e-110,20,0.5333333333333333
-4.500000000000002,7.485359072719712e-109,20,0.5333333333333333
-4.466666666666669,4.389762268647899e-107,20,0.5333333333333333
-4.433333333333335,2.484506276089115e-105,20,0.5333333333333333
-4.400000000000002,1.3570968255135764e-103,20,0.5333333333333333
-4.366666666666669,7.154086433265114e-102,20,0.5333333333333333
-4.333333333333336,3.639746913015767e-100,20,0.5333333333333333
-4.3000000000000025,1.7871580644439333e-98,20,0.5333333333333333
-4.266666666666669,8.46897247655658e-97,20,0.5333333333333333
-4.233333333333336,3.873251924340422e-95,20,0.5333333333333333
-4.200000000000003,1.7096193375377995e-93,20,0.5333333333333333
-4.16666666666667,7.282881373334582e-92,20,0.5333333333333333
-4.133333333333336,2.9942550020045486e-90,20,0.5333333333333333
-4.100000000000003,1.1881130770201475e-88,20,0.5333333333333333
-4.06666666666667,4.550006837682949e-87,20,0.5333333333333333
-4.033333333333337,1.6817195555872813e-85,20,0.5333333333333333
-4.0000000000000036,5.99907740420502e-84,20,0.5333333333333333
-3.9666666666666703,2.0654134063908778e-82,20,0.5333333333333333
-3.933333333333337,6.863151515419731e-81,20,0.5333333333333333
-3.900000000000004,2.201085243543137e-79,20,0.5333333333333333
-3.8666666666666707,6.813176179947496e-78,20,0.5333333333333333
-3.8333333333333375,2.0354707376771004e-76,20,0.5333333333333333
-3.8000000000000043,5.869293360803938e-75,20,0.5333333333333333
-3.766666666666671,1.633487960742027e-73,20,0.5333333333333333
-3.733333333333338,4.3879223482485434e-72,20,0.5333333333333333
-3.7000000000000046,1.1376764788949579e-70,20,0.5333333333333333
-3.6666666666666714,2.847080447582778e-69,20,0.5333333333333333
-3.633333333333338,6.877116522625594e-68,20,0.5333333333333333
-3.600000000000005,1.6034063961383577e-66,20,0.5333333333333333
-3.5666666666666718,3.608416649408159e-65,20,0.5333333333333333
-3.5333333333333385,7.838468397123152e-64,20,0.5333333333333333
-3.5000000000000053,1.6435890764763834e-62,20,0.5333333333333333
-3.466666666666672,3.326666359612782e-61,20,0.5333333333333333
-3.433333333333339,6.499592648997507e-60,20,0.5333333333333333
-3.4000000000000057,1.2258330962707688e-58,20,0.5333333333333333
-3.3666666666666725,2.2317873131301064e-57,20,0.5333333333333333
-3.3333333333333393,3.922464604091277e-56,20,0.5333333333333333
-3.300000000000006,6.65516977811396e-55,20,0.5333333333333333
-3.266666666666673,1.0900912995378954e-53,20,0.5333333333333333
-3.2333333333333396,1.7237753718270125e-52,20,0.5333333333333333
-3.2000000000000064,2.6316231517438812e-51,20,0.5333333333333333
-3.166666666666673,3.878858140321316e-50,20,0.5333333333333333
-3.13333333333334,5.519935926515683e-49,20,0.5333333333333333
-3.1000000000000068,7.584514231421001e-48,20,0.5333333333333333
-3.0666666666666735,1.0062356238886938e-46,20,0.5333333333333333
-3.0333333333333403,1.2890369849053639e-45,20,0.5333333333333333
-3.000000000000007,1.5945622797746855e-44,20,0.5333333333333333
-2.966666666666674,1.9047842219836603e-43,20,0.5333333333333333
-2.9333333333333407,2.1973398867663586e-42,20,0.5333333333333333
-2.9000000000000075,2.448026299119844e-41,20,0.5333333333333333
-2.8666666666666742,2.6340491473398423e-40,20,0.5333333333333333
-2.833333333333341,2.7374337027651612e-39,20,0.5333333333333333
-2.800000000000008,2.7478926993040754e-38,20,0.5333333333333333
-2.7666666666666746,2.6645165289934755e-37,20,0.5333333333333333
-2.7333333333333414,2.4959005982601245e-36,20,0.5333333333333333
-2.700000000000008,2.2586859684381606e-35,20,0.5333333333333333
-2.666666666666675,1.974856091790917e-34,20,0.5333333333333333
-2.6333333333333417,1.6683968113062665e-33,20,0.5333333333333333
-2.6000000000000085,1.362017982565396e-32,20,0.5333333333333333
-2.5666666666666753,1.0745418789580934e-31,20,0.5333333333333333
-2.533333333333342,8.193331111473566e-31,20,0.5333333333333333
-2.500000000000009,6.0386001903521975e-30,20,0.5333333333333333
-2.4666666666666757,4.3022438361852704e-29,20,0.5333333333333333
-2.4333333333333425,2.963354476153153e-28,20,0.5333333333333333
-2.4000000000000092,1.9735652209865392e-27,20,0.5333333333333333
-2.366666666666676,1.2710153306477274e-26,20,0.5333333333333333
-2.333333333333343,7.916558296907923e-26,20,0.5333333333333333
-2.3000000000000096,4.76942570175278e-25,20,0.5333333333333333
-2.2666666666666764,2.7797161142343632e-24,20,0.5333333333333333
-2.233333333333343,1.5674839039524907e-23,20,0.5333333333333333
-2.20000000000001,8.553436804055449e-23,20,0.5333333333333333
-2.1666666666666767,4.517340453485711e-22,20,0.5333333333333333
-2.1333333333333435,2.3094172173580084e-21,20,0.5333333333333333
-2.1000000000000103,1.1430764930046598e-20,20,0.5333333333333333
-2.066666666666677,5.478738157517852e-20,20,0.5333333333333333
-2.033333333333344,2.543315914406795e-19,20,0.5333333333333333
-2.0000000000000107,1.1437203125759187e-18,20,0.5333333333333333
-1.9666666666666774,4.9834192174760016e-18,20,0.5333333333333333
-1.9333333333333442,2.1043325335949465e-17,20,0.5333333333333333
-1.900000000000011,8.61340542754035e-17,20,0.5333333333333333
-1.8666666666666778,3.4182673180885813e-16,20,0.5333333333333333
-1.8333333333333446,1.3155504943734714e-15,20,0.5333333333333333
-1.8000000000000114,4.911133331503238e-15,20,0.5333333333333333
-1.7666666666666782,1.778825737902823e-14,20,0.5333333333333333
-1.733333333333345,6.252729017924518e-14,20,0.5333333333333333
-1.7000000000000117,2.1335335268789756e-13,20,0.5333333333333333
-1.6666666666666785,7.068610192806151e-13,20,0.5333333333333333
-1.6333333333333453,2.2745003689359735e-12,20,0.5333333333333333
-1.600000000000012,7.109999876910724e-12,20,0.5333333333333333
-1.5666666666666789,2.159733600686704e-11,20,0.5333333333333333
-1.5333333333333456,6.376673195853172e-11,20,0.5333333333333333
-1.5000000000000124,1.8304951110232897e-10,20,0.5333333333333333
-1.4666666666666792,5.110234617559582e-10,20,0.5333333333333333
-1.433333333333346,1.3878046835328345e-09,20,0.5333333333333333
-1.4000000000000128,3.6673130425866204e-09,20,0.5333333333333333
-1.3666666666666796,9.432253918293056e-09,20,0.5333333333333333
-1.3333333333333464,2.361808037986792e-08,20,0.5333333333333333
-1.3000000000000131,5.758984474748621e-08,20,0.5333333333333333
-1.26666666666668,1.3678084174394127e-07,20,0.5333333333333333
-1.2333333333333467,3.165058441362427e-07,20,0.5333333333333333
-1.2000000000000135,7.136822166482403e-07,20,0.5333333333333333
-1.1666666666666803,1.56845328659002e-06,20,0.5333333333333333
-1.133333333333347,3.360023862780332e-06,20,0.5333333333333333
-1.1000000000000139,7.017094648773428e-06,20,0.5333333333333333
-1.0666666666666806,1.4286719914815148e-05,20,0.5333333333333333
-1.0333333333333474,2.835677462256961e-05,20,0.5333333333333333
-1.0000000000000142,5.486436228500193e-05,20,0.5333333333333333
-0.966666666666681,0.00010345815697973663,20,0.5333333333333333
-0.9333333333333478,0.000190101803460916,20,0.5333333333333333
-0.9000000000000146,0.00034028381111398894,20,0.5333333333333333
-0.8666666666666814,0.0005932056268244389,20,0.5333333333333333
-0.8333333333333481,0.0010068246574012499,20,0.5333333333333333
-0.8000000000000149,0.001663323626395595,20,0.5333333333333333
-0.7666666666666817,0.0026741956171721154,20,0.5333333333333333
-0.7333333333333485,0.004183770865539339,20,0.5333333333333333
-0.7000000000000153,0.006369819490210722,20,0.5333333333333333
-0.6666666666666821,0.009440010329183195,20,0.5333333333333333
-0.6333333333333488,0.013623588550249442,20,0.5333333333333333
-0.6000000000000156,0.01915859772134397,20,0.5333333333333333
-0.5666666666666824,0.026276071332476537,20,0.5333333333333333
-0.5333333333333492,0.035183488507331634,20,0.5333333333333333
-0.500000000000016,0.04605009772040376,20,0.5333333333333333
-0.4666666666666828,0.058996329550732,20,0.5333333333333333
-0.43333333333334956,0.0740885825436465,20,0.5333333333333333
-0.40000000000001634,0.0913395113841013,20,0.5333333333333333
-0.3666666666666831,0.11071294244864203,20,0.5333333333333333
-0.3333333333333499,0.13213193480583713,20,0.5333333333333333
-0.3000000000000167,0.15548835460234478,20,0.5333333333333333
-0.2666666666666835,0.18065253937425724,20,0.5333333333333333
-0.23333333333335027,0.2074820318234692,20,0.5333333333333333
-0.20000000000001705,0.23582880125843403,20,0.5333333333333333
-0.16666666666668384,0.2655447380959407,20,0.5333333333333333
-0.13333333333335062,0.29648546889734156,20,0.5333333333333333
-0.10000000000001741,0.328512666393049,20,0.5333333333333333
-0.0666666666666842,0.36149508971149197,20,0.5333333333333333
-0.03333333333335098,0.39530853712091274,20,0.5333333333333333
-1.7763568394002505e-14,0.4298348021044901,20,0.5333333333333333
0.03333333333331545,0.4649595898683246,20,0.5333333333333333
0.06666666666664867,0.5005688698933133,20,0.5333333333333333
0.09999999999998188,0.5365429057776697,20,0.5333333333333333
0.1333333333333151,0.5727450322831158,20,0.5333333333333333
0.1666666666666483,0.6090006297843167,20,0.5333333333333333
0.19999999999998153,0.6450518067455787,20,0.5333333333333333
0.23333333333331474,0.6804587199567875,20,0.5333333333333333
0.26666666666664796,0.7143670115393358,20,0.5333333333333333
0.29999999999998117,0.7449570611006769,20,0.5333333333333333
0.3333333333333144,0.7681563066429505,20,0.5333333333333333
0.3666666666666476,0.7750244987185039,20,0.5333333333333333
0.3999999999999808,0.7486313839362775,20,0.5333333333333333
0.43333333333331403,0.6678327738106615,20,0.5333333333333333
0.46666666666664725,0.5283706353250669,20,0.5333333333333333
0.49999999999998046,0.36247381369876974,20,0.5333333333333333
0.5333333333333137,0.21835973493096486,20,0.5333333333333333
0.5666666666666469,0.12076293645092676,20,0.5333333333333333
0.5999999999999801,0.06467473643672259,20,0.5333333333333333
0.6333333333333133,0.03487883277795322,20,0.5333333333333333
0.6666666666666465,0.019261591457260398,20,0.5333333333333333
0.6999999999999797,0.010887888096462734,20,0.5333333333333333
0.733333333333313,0.006247222361345895,20,0.5333333333333333
0.7666666666666462,0.0036038748147039766,20,0.5333333333333333
0.7999999999999794,0.002073738442529116,20,0.5333333333333333
0.8333333333333126,0.0011833175307211482,20,0.5333333333333333
0.8666666666666458,0.0006667951763886784,20,0.5333333333333333
0.899999999999979,0.00036992449402192405,20,0.5333333333333333
0.9333333333333123,0.00020160081890167812,20,0.5333333333333333
0.9666666666666455,0.00010774442253905876,20,0.5333333333333333
0.9999999999999787,5.639633358723104e-05,20,0.5333333333333333
1.033333333333312,2.8880853502381402e-05,20,0.5333333333333333
1.0666666666666451,1.4458044046394803e-05,20,0.5333333333333333
1.0999999999999783,7.070535392639107e-06,20,0.5333333333333333
1.1333333333333115,3.3759075293077498e-06,20,0.5333333333333333
1.1666666666666448,1.572945579121818e-06,20,0.5333333333333333
1.199999999999978,7.148896209391029e-07,20,0.5333333333333333
1.2333333333333112,3.168138383393514e-07,20,0.5333333333333333
1.2666666666666444,1.3685531213011811e-07,20,0.5333333333333333
1.2999999999999776,5.760689111391299e-08,20,0.5333333333333333
1.3333333333333108,2.362176977964669e-08,20,0.5333333333333333
1.366666666666644,9.433008037098475e-09,20,0.5333333333333333
1.3999999999999773,3.6674584503775054e-09,20,0.5333333333333333
1.4333333333333105,1.3878311030743103e-09,20,0.5333333333333333
1.4666666666666437,5.11027980346027e-10,20,0.5333333333333333
1.499999999999977,1.830502378729555e-10,20,0.5333333333333333
1.5333333333333101,6.376684178644155e-11,20,0.5333333333333333
1.5666666666666433,2.1597351587363024e-11,20,0.5333333333333333
1.5999999999999766,7.110001950217758e-12,20,0.5333333333333333
1.6333333333333098,2.274500627547963e-12,20,0.5333333333333333
1.666666666666643,7.068610494978176e-13,20,0.5333333333333333
1.6999999999999762,2.133533559933481e-13,20,0.5333333333333333
1.7333333333333094,6.252729051760098e-14,20,0.5333333333333333
1.7666666666666426,1.7788257411430147e-14,20,0.5333333333333333
1.7999999999999758,4.911133334407019e-15,20,0.5333333333333333
1.833333333333309,1.3155504946175432e-15,20,0.5333333333333333
1.8666666666666423,3.418267318282701e-16,20,0.5333333333333333
1.8999999999999755,8.613405427691084e-17,20,0.5333333333333333
1.9333333333333087,2.1043325336075353e-17,20,0.5333333333333333
1.966666666666642,4.983419217489702e-18,20,0.5333333333333333
1.9999999999999751,1.1437203125780868e-18,20,0.5333333333333333
2.0333333333333083,2.543315914411112e-19,20,0.5333333333333333
2.0666666666666416,5.478738157527014e-20,20,0.5333333333333333
2.0999999999999748,1.1430764930065957e-20,20,0.5333333333333333
2.133333333333308,2.3094172173619863e-21,20,0.5333333333333333
2.166666666666641,4.517340453493646e-22,20,0.5333333333333333
2.1999999999999744,8.553436804070759e-23,20,0.5333333333333333
2.2333333333333076,1.5674839039553536e-23,20,0.5333333333333333
2.266666666666641,2.7797161142395383e-24,20,0.5333333333333333
2.299999999999974,4.769425701761818e-25,20,0.5333333333333333
2.3333333333333073,7.916558296923224e-26,20,0.5333333333333333
2.3666666666666405,1.271015330650229e-26,20,0.5333333333333333
2.3999999999999737,1.9735652209904906e-27,20,0.5333333333333333
2.433333333333307,2.963354476159203e-28,20,0.5333333333333333
2.46666666666664,4.3022438361942e-29,20,0.5333333333333333
2.4999999999999734,6.038600190364965e-30,20,0.5333333333333333
2.5333333333333066,8.193331111491168e-31,20,0.5333333333333333
2.56666666666664,1.0745418789604397e-31,20,0.5333333333333333
2.599999999999973,1.362017982568417e-32,20,0.5333333333333333
2.633333333333306,1.6683968113100356e-33,20,0.5333333333333333
2.6666666666666394,1.9748560917954487e-34,20,0.5333333333333333
2.6999999999999726,2.2586859684434307e-35,20,0.5333333333333333
2.733333333333306,2.4959005982660513e-36,20,0.5333333333333333
2.766666666666639,2.6645165289998756e-37,20,0.5333333333333333
2.7999999999999723,2.74789269931079e-38,20,0.5333333333333333
2.8333333333333055,2.7374337027719315e-39,20,0.5333333333333333
2.8666666666666387,2.6340491473464606e-40,20,0.5333333333333333
2.899999999999972,2.4480262991260973e-41,20,0.5333333333333333
2.933333333333305,2.1973398867720367e-42,20,0.5333333333333333
2.9666666666666384,1.9047842219886586e-43,20,0.5333333333333333
2.9999999999999716,1.5945622797789368e-44,20,0.5333333333333333
3.033333333333305,1.2890369849088391e-45,20,0.5333333333333333
3.066666666666638,1.006235623891447e-46,20,0.5333333333333333
3.0999999999999712,7.584514231442072e-48,20,0.5333333333333333
3.1333333333333044,5.5199359265311705e-49,20,0.5333333333333333
3.1666666666666377,3.878858140332368e-50,20,0.5333333333333333
3.199999999999971,2.6316231517514536e-51,20,0.5333333333333333
3.233333333333304,1.7237753718320666e-52,20,0.5333333333333333
3.2666666666666373,1.0900912995411234e-53,20,0.5333333333333333
3.2999999999999705,6.655169778133858e-55,20,0.5333333333333333
3.3333333333333037,3.922464604103171e-56,20,0.5333333333333333
3.366666666666637,2.231787313136966e-57,20,0.5333333333333333
3.39999999999997,1.2258330962745887e-58,20,0.5333333333333333
3.4333333333333034,6.49959264901794e-60,20,0.5333333333333333
3.4666666666666366,3.326666359623378e-61,20,0.5333333333333333
3.49999999999997,1.643589076481668e-62,20,0.5333333333333333
3.533333333333303,7.838468397148572e-64,20,0.5333333333333333
3.5666666666666362,3.608416649420068e-65,20,0.5333333333333333
3.5999999999999694,1.603406396143695e-66,20,0.5333333333333333
3.6333333333333027,6.877116522648868e-68,20,0.5333333333333333
3.666666666666636,2.847080447592495e-69,20,0.5333333333333333
3.699999999999969,1.1376764788988728e-70,20,0.5333333333333333
3.7333333333333023,4.3879223482638906e-72,20,0.5333333333333333
3.7666666666666355,1.633487960747787e-73,20,0.5333333333333333
3.7999999999999687,5.869293360824801e-75,20,0.5333333333333333
3.833333333333302,2.0354707376844502e-76,20,0.5333333333333333
3.866666666666635,6.813176179972292e-78,20,0.5333333333333333
3.8999999999999684,2.201085243551212e-79,20,0.5333333333333333
3.9333333333333016,6.863151515445292e-81,20,0.5333333333333333
3.966666666666635,2.0654134063986292e-82,20,0.5333333333333333
3.999999999999968,5.999077404227705e-84,20,0.5333333333333333
4.033333333333301,1.681719555593735e-85,20,0.5333333333333333
4.0666666666666345,4.550006837700542e-87,20,0.5333333333333333
4.099999999999968,1.188113077024775e-88,20,0.5333333333333333
4.133333333333301,2.99425500201638e-90,20,0.5333333333333333
4.166666666666634,7.282881373363562e-92,20,0.5333333333333333
4.199999999999967,1.7096193375446519e-93,20,0.5333333333333333
4.2333333333333005,3.873251924356166e-95,20,0.5333333333333333
4.266666666666634,8.468972476591245e-97,20,0.5333333333333333
4.299999999999967,1.787158064451301e-98,20,0.5333333333333333
4.3333333333333,3.6397469130308726e-100,20,0.5333333333333333
4.366666666666633,7.15408643329521e-102,20,0.5333333333333333
4.399999999999967,1.3570968255193251e-103,20,0.5333333333333333
4.4333333333333,2.4845062760997784e-105,20,0.5333333333333333
4.466666666666633,4.389762268666866e-107,20,0.5333333333333333
4.499999999999966,7.485359072752476e-109,20,0.5333333333333333
4.5333333333332995,1.231839611611582e-110,20,0.5333333333333333
4.566666666666633,1.9564321745359153e-112,20,0.5333333333333333
4.599999999999966,2.9987744306420884e-114,20,0.5333333333333333
4.633333333333299,4.4359893145887983e-116,20,0.5333333333333333
4.666666666666632,6.3329234366403765e-118,20,0.5333333333333333
4.6999999999999655,8.725381922735116e-120,20,0.5333333333333333
4.733333333333299,1.160193864614061e-121,20,0.5333333333333333
4.766666666666632,1.488819608555526e-123,20,0.5333333333333333
4.799999999999965,1.843819968037183e-125,20,0.5333333333333333
4.833333333333298,2.203735259830744e-127,20,0.5333333333333333
4.866666666666632,2.541934668458251e-129,20,0.5333333333333333
4.899999999999965,2.829651941809941e-131,20,0.5333333333333333
4.933333333333298,3.039939663722921e-133,20,0.5333333333333333
4.966666666666631,3.1518089451921336e-135,20,0.5333333333333333
4.9999999999999645,3.153681405199961e-137,20,0.5333333333333333
-5.0,1.5922093621463034e-137,21,0.56
-4.966666666666667,1.5199713546585624e-133,21,0.56
-4.933333333333334,1.4149835462605383e-131,21,0.56
-4.9,1.2711193312048356e-129,21,0.56
-4.866666666666667,1.102009112507263e-127,21,0.56
-4.833333333333334,9.220370807477164e-126,21,0.56
-4.800000000000001,7.4451999103728404e-124,21,0.56
-4.7666666666666675,5.801891233027609e-122,21,0.56
-4.733333333333334,4.3634353711517446e-120,21,0.56
-4.700000000000001,3.167041815238093e-118,21,0.56
-4.666666666666668,2.21843092638051e-116,21,0.56
-4.633333333333335,1.4997038614861836e-114,21,0.56
-4.600000000000001,9.784378867293487e-113,21,0.56
-4.566666666666668,6.160697445246088e-111,21,0.56
-4.533333333333335,3.7436577524471196e-109,21,0.56
-4.500000000000002,2.1954970541297525e-107,21,0.56
-4.466666666666669,1.2426274059981935e-105,21,0.56
-4.433333333333335,6.787679008702206e-104,21,0.56
-4.400000000000002,3.578285469770601e-102,21,0.56
-4.366666666666669,1.8205520049206403e-100,21,0.56
-4.333333333333336,8.939367365436298e-99,21,0.56
-4.3000000000000025,4.236306111734798e-97,21,0.56
-4.266666666666669,1.937519541202433e-95,21,0.56
-4.233333333333336,8.552331173927276e-94,21,0.56
-4.200000000000003,3.643377312629461e-92,21,0.56
-4.16666666666667,1.4979823106710432e-90,21,0.56
-4.133333333333336,5.944206825787405e-89,21,0.56
-4.100000000000003,2.2765005463424767e-87,21,0.56
-4.06666666666667,8.414538343321506e-86,21,0.56
-4.033333333333337,3.0018137055213516e-84,21,0.56
-4.0000000000000036,1.0335475629732326e-82,21,0.56
-3.9666666666666703,3.434575296411968e-81,21,0.56
-3.933333333333337,1.101575328474764e-79,21,0.56
-3.900000000000004,3.410019665731458e-78,21,0.56
-3.8666666666666707,1.0188359114603217e-76,21,0.56
-3.8333333333333375,2.9380532684919425e-75,21,0.56
-3.8000000000000043,8.177617157398521e-74,21,0.56
-3.766666666666671,2.1968958208046737e-72,21,0.56
-3.733333333333338,5.6965498342785e-71,21,0.56
-3.7000000000000046,1.4257341849655133e-69,21,0.56
-3.6666666666666714,3.4442466437072715e-68,21,0.56
-3.633333333333338,8.031267382929702e-67,21,0.56
-3.600000000000005,1.8076468829653924e-65,21,0.56
-3.5666666666666718,3.927251230542268e-64,21,0.56
-3.5333333333333385,8.235987465628957e-63,21,0.56
-3.5000000000000053,1.6672524140049526e-61,21,0.56
-3.466666666666672,3.258014269881135e-60,21,0.56
-3.433333333333339,6.145798813151908e-59,21,0.56
-3.4000000000000057,1.119143452889552e-57,21,0.56
-3.3666666666666725,1.9673614675269924e-56,21,0.56
-3.3333333333333393,3.33874382562263e-55,21,0.56
-3.300000000000006,5.470068820709934e-54,21,0.56
-3.266666666666673,8.652152708025633e-53,21,0.56
-3.2333333333333396,1.32126203236963e-51,21,0.56
-3.2000000000000064,1.948047947019793e-50,21,0.56
-3.166666666666673,2.7731260790165607e-49,21,0.56
-3.13333333333334,3.811651406412107e-48,21,0.56
-3.1000000000000068,5.058777799076047e-47,21,0.56
-3.0666666666666735,6.483107495683925e-46,21,0.56
-3.0333333333333403,8.023123180067863e-45,21,0.56
-3.000000000000007,9.588372959163569e-44,21,0.56
-2.966666666666674,1.1066427547820527e-42,21,0.56
-2.9333333333333407,1.2335370706698404e-41,21,0.56
-2.9000000000000075,1.3280112731037529e-40,21,0.56
-2.8666666666666742,1.3809569828781799e-39,21,0.56
-2.833333333333341,1.387116595388737e-38,21,0.56
-2.800000000000008,1.3459454330105636e-37,21,0.56
-2.7666666666666746,1.2616897626265826e-36,21,0.56
-2.7333333333333414,1.1426655668640477e-35,21,0.56
-2.700000000000008,9.999075488867592e-35,21,0.56
-2.666666666666675,8.45491835495324e-34,21,0.56
-2.6333333333333417,6.908832717416526e-33,21,0.56
-2.6000000000000085,5.45612923535578e-32,21,0.56
-2.5666666666666753,4.164766454865053e-31,21,0.56
-2.533333333333342,3.0730271891240036e-30,21,0.56
-2.500000000000009,2.1920885736500031e-29,21,0.56
-2.4666666666666757,1.5118702390283376e-28,21,0.56
-2.4333333333333425,1.008293829674196e-27,21,0.56
-2.4000000000000092,6.503244377046295e-27,21,0.56
-2.366666666666676,4.0569574095032884e-26,21,0.56
-2.333333333333343,2.4482636174087764e-25,21,0.56
-2.3000000000000096,1.4294408486017213e-24,21,0.56
-2.2666666666666764,8.075890804850092e-24,21,0.56
-2.233333333333343,4.415704207739443e-23,21,0.56
-2.20000000000001,2.3370444219404803e-22,21,0.56
-2.1666666666666767,1.1974757926992814e-21,21,0.56
-2.1333333333333435,5.941249487697585e-21,21,0.56
-2.1000000000000103,2.8548399396268265e-20,21,0.56
-2.066666666666677,1.3288117818536305e-19,21,0.56
-2.033333333333344,5.992538470755486e-19,21,0.56
-2.0000000000000107,2.6188754044583406e-18,21,0.56
-1.9666666666666774,1.1093522824262692e-17,21,0.56
-1.9333333333333442,4.555873674643975e-17,21,0.56
-1.900000000000011,1.8143502857240377e-16,21,0.56
-1.8666666666666778,7.008422743244372e-16,21,0.56
-1.8333333333333446,2.6264800316560435e-15,21,0.56
-1.8000000000000114,9.551903936700789e-15,21,0.56
-1.7666666666666782,3.3719211755373435e-14,21,0.56
-1.733333333333345,1.1557080503345387e-13,21,0.56
-1.7000000000000117,3.84694154729831e-13,21,0.56
-1.6666666666666785,1.24392686081091e-12,21,0.56
-1.6333333333333453,3.90843044808566e-12,21,0.56
-1.600000000000012,1.1935918187809252e-11,21,0.56
-1.5666666666666789,3.543836591691809e-11,21,0.56
-1.5333333333333456,1.0232342354798987e-10,21,0.56
-1.5000000000000124,2.8739509680582924e-10,21,0.56
-1.4666666666666792,7.854270969390828e-10,21,0.56
-1.433333333333346,2.089168249533681e-09,21,0.56
-1.4000000000000128,5.410029283504663e-09,21,0.56
-1.3666666666666796,1.3642696602354362e-08,21,0.56
-1.3333333333333464,3.351104868736507e-08,21,0.56
-1.3000000000000131,8.019945743166761e-08,21,0.56
-1.26666666666668,1.8704782506999263e-07,21,0.56
-1.2333333333333467,4.2523143106942923e-07,21,0.56
-1.2000000000000135,9.424790933891787e-07,21,0.56
-1.1666666666666803,2.036850883630676e-06,21,0.56
-1.133333333333347,4.292764611767404e-06,21,0.56
-1.1000000000000139,8.823333324676627e-06,21,0.56
-1.0666666666666806,1.768678366226158e-05,21,0.56
-1.0333333333333474,3.4574979902331936e-05,21,0.56
-1.0000000000000142,6.590548590443739e-05,21,0.56
-0.966666666666681,0.00012247645715347293,21,0.56
-0.9333333333333478,0.00022184996615049065,21,0.56
-0.9000000000000146,0.000391590564298674,21,0.56
-0.8666666666666814,0.0006733746536938905,21,0.56
-0.8333333333333481,0.0011277816760959312,21,0.56
-0.8000000000000149,0.0018392826120250522,21,0.56
-0.7666666666666817,0.0029205997873336252,21,0.56
-0.7333333333333485,0.004515322898063626,21,0.56
-0.7000000000000153,0.006797568626089317,21,0.56
-0.6666666666666821,0.009967698507300359,21,0.56
-0.6333333333333488,0.01424371641093694,21,0.56
-0.6000000000000156,0.019848863989426407,21,0.56
-0.5666666666666824,0.02699687791495835,21,0.56
-0.5333333333333492,0.03587704861136229,21,0.56
-0.500000000000016,0.046641371221649214,21,0.56
-0.4666666666666828,0.059395638819371536,21,0.56
-0.43333333333334956,0.0741954525795311,21,0.56
-0.40000000000001634,0.09104711498368234,21,0.56
-0.3666666666666831,0.10991253472383969,21,0.56
-0.3333333333333499,0.13071679396723176,21,0.56
-0.3000000000000167,0.15335693873268047,21,0.56
-0.2666666666666835,0.17771076019037688,21,0.56
-0.23333333333335027,0.20364469361222115,21,0.56
-0.20000000000001705,0.23102034207953562,21,0.56
-0.16666666666668384,0.2596994531250305,21,0.56
-0.13333333333335062,0.2895473894344491,21,0.56
-0.10000000000001741,0.32043526598076816,21,0.56
-0.0666666666666842,0.3522409482489798,21,0.56
-0.03333333333335098,0.3848490944650538,21,0.56
-1.7763568394002505e-14,0.4181503473566498,21,0.56
0.03333333333331545,0.4520395887176892,21,0.56
0.06666666666664867,0.48641307391703226,21,0.56
0.09999999999998188,0.5211634153884708,21,0.56
0.1333333333333151,0.5561710723135234,21,0.56
0.1666666666666483,0.5912874272381976,21,0.56
0.19999999999998153,0.626301214373045,21,0.56
0.23333333333331474,0.660863730384476,21,0.56
0.26666666666664796,0.6943204998650268,21,0.56
0.29999999999998117,0.7253128822392038,21,0.56
0.3333333333333144,0.7508503897635683,21,0.56
0.3666666666666476,0.7643168777738125,21,0.56
0.3999999999999808,0.7523611082322279,21,0.56
0.43333333333331403,0.6947556937787784,21,0.56
0.46666666666664725,0.578075963386378,21,0.56
0.49999999999998046,0.4196640960149546,21,0.56
0.5333333333333137,0.2649790908342642,21,0.56
0.5666666666666469,0.15021686614503607,21,0.56
0.5999999999999801,0.08049431538329962,21,0.56
0.6333333333333133,0.04273052647253011,21,0.56
0.6666666666666465,0.023102957810958242,21,0.56
0.6999999999999797,0.012820803132950007,21,0.56
0.733333333333313,0.007266993094287562,21,0.56
0.7666666666666462,0.0041674258811583206,21,0.56
0.7999999999999794,0.0023959137073728716,21,0.56
0.8333333333333126,0.001371037964523051,21,0.56
0.8666666666666458,0.000776873691620983,21,0.56
0.899999999999979,0.00043427879222859297,21,0.56
0.9333333333333123,0.00023885950533462921,21,0.56
0.9666666666666455,0.00012900606871320253,21,0.56
0.9999999999999787,6.831479297209793e-05,21,0.56
1.033333333333312,3.542778311909381e-05,21,0.56
1.0666666666666451,1.7975851269755912e-05,21,0.56
1.0999999999999783,8.917015315508477e-06,21,0.56
1.1333333333333115,4.321749989543051e-06,21,0.56
1.1666666666666448,2.0454007522603213e-06,21,0.56
1.199999999999978,9.448801834879421e-07,21,0.56
1.2333333333333112,4.258725650021692e-07,21,0.56
1.2666666666666444,1.8721038413712305e-07,21,0.56
1.2999999999999776,8.023854458916009e-08,21,0.56
1.3333333333333108,3.3519950221420185e-08,21,0.56
1.366666666666644,1.3644614223919648e-08,21,0.56
1.3999999999999773,5.410419587497506e-09,21,0.56
1.4333333333333105,2.0892432179995865e-09,21,0.56
1.4666666666666437,7.854406708521464e-10,21,0.56
1.499999999999977,2.8739741111765093e-10,21,0.56
1.5333333333333101,1.0232379473676745e-10,21,0.56
1.5666666666666433,3.5438421869132786e-11,21,0.56
1.5999999999999766,1.1935926107547749e-11,21,0.56
1.6333333333333098,3.908431499867798e-12,21,0.56
1.666666666666643,1.243926991771681e-12,21,0.56
1.6999999999999762,3.846941700078085e-13,21,0.56
1.7333333333333094,1.1557080670239817e-13,21,0.56
1.7666666666666426,3.3719211926004775e-14,21,0.56
1.7999999999999758,9.551903953023908e-15,21,0.56
1.833333333333309,2.6264800331176493e-15,21,0.56
1.8666666666666423,7.008422744472274e-16,21,0.56
1.8999999999999755,1.8143502858217275e-16,21,0.56
1.9333333333333087,4.5558736747200275e-17,21,0.56
1.966666666666642,1.1093522824326719e-17,21,0.56
1.9999999999999751,2.6188754044654064e-18,21,0.56
2.0333333333333083,5.992538470766784e-19,21,0.56
2.0666666666666416,1.3288117818558858e-19,21,0.56
2.0999999999999748,2.8548399396316064e-20,21,0.56
2.133333333333308,5.941249487707661e-21,21,0.56
2.166666666666641,1.197475792701347e-21,21,0.56
2.1999999999999744,2.3370444219445907e-22,21,0.56
2.2333333333333076,4.4157042077473564e-23,21,0.56
2.266666666666641,8.075890804864859e-24,21,0.56
2.299999999999974,1.4294408486043852e-24,21,0.56
2.3333333333333073,2.4482636174134205e-25,21,0.56
2.3666666666666405,4.056957409511136e-26,21,0.56
2.3999999999999737,6.503244377059104e-27,21,0.56
2.433333333333307,1.0082938296762164e-27,21,0.56
2.46666666666664,1.5118702390314265e-28,21,0.56
2.4999999999999734,2.192088573654556e-29,21,0.56
2.5333333333333066,3.0730271891305042e-30,21,0.56
2.56666666666664,4.164766454874005e-31,21,0.56
2.599999999999973,5.4561292353677e-32,21,0.56
2.633333333333306,6.908832717431858e-33,21,0.56
2.6666666666666394,8.454918354972349e-34,21,0.56
2.6999999999999726,9.999075488890546e-35,21,0.56
2.733333333333306,1.1426655668667147e-35,21,0.56
2.766666666666639,1.2616897626295796e-36,21,0.56
2.7999999999999723,1.3459454330137974e-37,21,0.56
2.8333333333333055,1.3871165953921275e-38,21,0.56
2.8666666666666387,1.3809569828815962e-39,21,0.56
2.899999999999972,1.3280112731070904e-40,21,0.56
2.933333333333305,1.233537070672992e-41,21,0.56
2.9666666666666384,1.1066427547849131e-42,21,0.56
2.9999999999999716,9.588372959188736e-44,21,0.56
3.033333333333305,8.023123180089256e-45,21,0.56
3.066666666666638,6.483107495701406e-46,21,0.56
3.0999999999999712,5.058777799089891e-47,21,0.56
3.1333333333333044,3.811651406422698e-48,21,0.56
3.1666666666666377,2.7731260790243425e-49,21,0.56
3.199999999999971,1.9480479470253443e-50,21,0.56
3.233333333333304,1.3212620323734324e-51,21,0.56
3.2666666666666373,8.652152708051002e-53,21,0.56
3.2999999999999705,5.470068820726132e-54,21,0.56
3.3333333333333037,3.338743825632614e-55,21,0.56
3.366666666666637,1.9673614675329585e-56,21,0.56
3.39999999999997,1.119143452892992e-57,21,0.56
3.4333333333333034,6.14579881317106e-59,21,0.56
3.4666666666666366,3.2580142698913784e-60,21,0.56
3.49999999999997,1.6672524140102632e-61,21,0.56
3.533333333333303,8.235987465655441e-63,21,0.56
3.5666666666666362,3.9272512305550045e-64,21,0.56
3.5999999999999694,1.8076468829713584e-65,21,0.56
3.6333333333333027,8.031267382956437e-67,21,0.56
3.666666666666636,3.4442466437189284e-68,21,0.56
3.699999999999969,1.4257341849703793e-69,21,0.56
3.7333333333333023,5.696549834298103e-71,21,0.56
3.7666666666666355,2.1968958208123576e-72,21,0.56
3.7999999999999687,8.177617157427358e-74,21,0.56
3.833333333333302,2.9380532685023866e-75,21,0.56
3.866666666666635,1.0188359114640006e-76,21,0.56
3.8999999999999684,3.4100196657438687e-78,21,0.56
3.9333333333333016,1.1015753284788054e-79,21,0.56
3.966666666666635,3.43457529642476e-81,21,0.56
3.999999999999968,1.0335475629771115e-82,21,0.56
4.033333333333301,3.001813705532703e-84,21,0.56
4.0666666666666345,8.4145383433538e-86,21,0.56
4.099999999999968,2.276500546351279e-87,21,0.56
4.133333333333301,5.944206825810557e-89,21,0.56
4.166666666666634,1.4979823106769624e-90,21,0.56
4.199999999999967,3.643377312643959e-92,21,0.56
4.2333333333333005,8.552331173961555e-94,21,0.56
4.266666666666634,1.9375195412103086e-95,21,0.56
4.299999999999967,4.2363061117521376e-97,21,0.56
4.3333333333333,8.939367365473153e-99,21,0.56
4.366666666666633,1.820552004928196e-100,21,0.56
4.399999999999967,3.578285469785655e-102,21,0.56
4.4333333333333,6.78767900873096e-104,21,0.56
4.466666666666633,1.2426274060035268e-105,21,0.56
4.499999999999966,2.1954970541392388e-107,21,0.56
4.5333333333332995,3.743657752463506e-109,21,0.56
4.566666666666633,6.1606974452732315e-111,21,0.56
4.599999999999966,9.784378867336871e-113,21,0.56
4.633333333333299,1.4997038614928762e-114,21,0.56
4.666666666666632,2.218430926390536e-116,21,0.56
4.6999999999999655,3.167041815252495e-118,21,0.56
4.733333333333299,4.363435371171836e-120,21,0.56
4.766666666666632,5.801891233054324e-122,21,0.56
4.799999999999965,7.445199910407545e-124,21,0.56
4.833333333333298,9.220370807520144e-126,21,0.56
4.866666666666632,1.1020091125124625e-127,21,0.56
4.899999999999965,1.2711193312123117e-129,21,0.56
4.933333333333298,1.4149835613522302e-131,21,0.56
4.966666666666631,1.5201275159317206e-133,21,0.56
4.9999999999999645,1.57605815919153e-135,21,0.56
-5.0,7.959901264064965e-136,22,0.5866666666666667
-4.966666666666667,7.074925692349502e-132,22,0.5866666666666667
-4.933333333333334,6.356356641701507e-130,22,0.5866666666666667
-4.9,5.510753054309445e-128,22,0.5866666666666667
-4.866666666666667,4.6108209634041845e-126,22,0.5866666666666667
-4.833333333333334,3.723150959742674e-124,22,0.5866666666666667
-4.800000000000001,2.9014066350541786e-122,22,0.5866666666666667
-4.7666666666666675,2.182089945571391e-120,22,0.5866666666666667
-4.733333333333334,1.583811002180698e-118,22,0.5866666666666667
-4.700000000000001,1.1094336349588125e-116,22,0.5866666666666667
-4.666666666666668,7.500102828338537e-115,22,0.5866666666666667
-4.633333333333335,4.893298649109934e-113,22,0.5866666666666667
-4.600000000000001,3.081098574553787e-111,22,0.5866666666666667
-4.566666666666668,1.8723180951669244e-109,22,0.5866666666666667
-4.533333333333335,1.0980565619371385e-107,22,0.5866666666666667
-4.500000000000002,6.215008858867191e-106,22,0.5866666666666667
-4.466666666666669,3.394937252878168e-104,22,0.5866666666666667
-4.433333333333335,1.7897640485882996e-102,22,0.5866666666666667
-4.400000000000002,9.106153864107552e-101,22,0.5866666666666667
-4.366666666666669,4.471472825453034e-99,22,0.5866666666666667
-4.333333333333336,2.1190633318698592e-97,22,0.5866666666666667
-4.3000000000000025,9.692067389694884e-96,22,0.5866666666666667
-4.266666666666669,4.278283740019506e-94,22,0.5866666666666667
-4.233333333333336,1.8226574160853318e-92,22,0.5866666666666667
-4.200000000000003,7.49418771894218e-91,22,0.5866666666666667
-4.16666666666667,2.973925101550017e-89,22,0.5866666666666667
-4.133333333333336,1.138999264326574e-87,22,0.5866666666666667
-4.100000000000003,4.210241275073647e-86,22,0.5866666666666667
-4.06666666666667,1.5020451030338471e-84,22,0.5866666666666667
-4.033333333333337,5.171945084037824e-83,22,0.5866666666666667
-4.0000000000000036,1.7187885550587447e-81,22,0.5866666666666667
-3.9666666666666703,5.513044380188686e-80,22,0.5866666666666667
-3.933333333333337,1.7067271205139349e-78,22,0.5866666666666667
-3.900000000000004,5.0996874339439826e-77,22,0.5866666666666667
-3.8666666666666707,1.470731644078837e-75,22,0.5866666666666667
-3.8333333333333375,4.093902758256562e-74,22,0.5866666666666667
-3.8000000000000043,1.0999169370365828e-72,22,0.5866666666666667
-3.766666666666671,2.852363725717949e-71,22,0.5866666666666667
-3.733333333333338,7.13965540393159e-70,22,0.5866666666666667
-3.7000000000000046,1.724971596770775e-68,22,0.5866666666666667
-3.6666666666666714,4.022762362389678e-67,22,0.5866666666666667
-3.633333333333338,9.055455648045499e-66,22,0.5866666666666667
-3.600000000000005,1.967641248962599e-64,22,0.5866666666666667
-3.5666666666666718,4.1270319672293057e-63,22,0.5866666666666667
-3.5333333333333385,8.355898326177475e-62,22,0.5866666666666667
-3.5000000000000053,1.633125128673382e-60,22,0.5866666666666667
-3.466666666666672,3.081235668645979e-59,22,0.5866666666666667
-3.433333333333339,5.6120073357971655e-58,22,0.5866666666666667
-3.4000000000000057,9.867536331700722e-57,22,0.5866666666666667
-3.3666666666666725,1.674967630075763e-55,22,0.5866666666666667
-3.3333333333333393,2.7448712176926017e-54,22,0.5866666666666667
-3.300000000000006,4.34277007314093e-53,22,0.5866666666666667
-3.266666666666673,6.6336605059517e-52,22,0.5866666666666667
-3.2333333333333396,9.783500498639093e-51,22,0.5866666666666667
-3.2000000000000064,1.3931693496701284e-49,22,0.5866666666666667
-3.166666666666673,1.9155659429411526e-48,22,0.5866666666666667
-3.13333333333334,2.5432545299331063e-47,22,0.5866666666666667
-3.1000000000000068,3.260612004874023e-46,22,0.5866666666666667
-3.0666666666666735,4.0368554790293114e-45,22,0.5866666666666667
-3.0333333333333403,4.826602017060204e-44,22,0.5866666666666667
-3.000000000000007,5.573329389810603e-43,22,0.5866666666666667
-2.966666666666674,6.21562721814502e-42,22,0.5866666666666667
-2.9333333333333407,6.695388503257867e-41,22,0.5866666666666667
-2.9000000000000075,6.966461767924391e-40,22,0.5866666666666667
-2.8666666666666742,7.001983540598872e-39,22,0.5866666666666667
-2.833333333333341,6.798775014196727e-38,22,0.5866666666666667
-2.800000000000008,6.37780464290235e-37,22,0.5866666666666667
-2.7666666666666746,5.7806251059707665e-36,22,0.5866666666666667
-2.7333333333333414,5.062622232565125e-35,22,0.5866666666666667
-2.700000000000008,4.2845924558198226e-34,22,0.5866666666666667
-2.666666666666675,3.5044117361526006e-33,22,0.5866666666666667
-2.6333333333333417,2.770339209452656e-32,22,0.5866666666666667
-2.6000000000000085,2.116927391019609e-31,22,0.5866666666666667
-2.5666666666666753,1.5637942407387806e-30,22,0.5866666666666667
-2.533333333333342,1.1168681190993268e-29,22,0.5866666666666667
-2.500000000000009,7.713002554597888e-29,22,0.5866666666666667
-2.4666666666666757,5.15107357705348e-28,22,0.5866666666666667
-2.4333333333333425,3.327215700474564e-27,22,0.5866666666666667
-2.4000000000000092,2.078893396235354e-26,22,0.5866666666666667
-2.366666666666676,1.2566480305896196e-25,22,0.5866666666666667
-2.333333333333343,7.350052113483771e-25,22,0.5866666666666667
-2.3000000000000096,4.1603585832954844e-24,22,0.5866666666666667
-2.2666666666666764,2.2793241462998074e-23,22,0.5866666666666667
-2.233333333333343,1.2089016649944905e-22,22,0.5866666666666667
-2.20000000000001,6.2081641738833795e-22,22,0.5866666666666667
-2.1666666666666767,3.0874769649458164e-21,22,0.5866666666666667
-2.1333333333333435,1.4872937594483772e-20,22,0.5866666666666667
-2.1000000000000103,6.941121383653032e-20,22,0.5866666666666667
-2.066666666666677,3.1390112323590845e-19,22,0.5866666666666667
-2.033333333333344,1.3758782913218519e-18,22,0.5866666666666667
-2.0000000000000107,5.84638833566912e-18,22,0.5866666666666667
-1.9666666666666774,2.4088806075449046e-17,22,0.5866666666666667
-1.9333333333333442,9.626427569833322e-17,22,0.5866666666666667
-1.900000000000011,3.732005055354384e-16,22,0.5866666666666667
-1.8666666666666778,1.4039575301142222e-15,22,0.5866666666666667
-1.8333333333333446,5.126373105512595e-15,22,0.5866666666666667
-1.8000000000000114,1.817284589351451e-14,22,0.5866666666666667
-1.7666666666666782,6.256135448507468e-14,22,0.5866666666666667
-1.733333333333345,2.0920668324257286e-13,22,0.5866666666666667
-1.7000000000000117,6.797488329218752e-13,22,0.5866666666666667
-1.6666666666666785,2.1465623014047197e-12,22,0.5866666666666667
-1.6333333333333453,6.589922524281897e-12,22,0.5866666666666667
-1.600000000000012,1.9673398182253753e-11,22,0.5866666666666667
-1.5666666666666789,5.7129670865834036e-11,22,0.5866666666666667
-1.5333333333333456,1.6141673134510565e-10,22,0.5866666666666667
-1.5000000000000124,4.438752601222512e-10,22,0.5866666666666667
-1.4666666666666792,1.1882816723133497e-09,22,0.5866666666666667
-1.433333333333346,3.097728184491569e-09,22,0.5866666666666667
-1.4000000000000128,7.865932389592312e-09,22,0.5866666666666667
-1.3666666666666796,1.9460538766690472e-08,22,0.5866666666666667
-1.3333333333333464,4.692107576784502e-08,22,0.5866666666666667
-1.3000000000000131,1.1027943010589916e-07,22,0.5866666666666667
-1.26666666666668,2.5271540937258504e-07,22,0.5866666666666667
-1.2333333333333467,5.647632885735951e-07,22,0.5866666666666667
-1.2000000000000135,1.2310403637621022e-06,22,0.5866666666666667
-1.1666666666666803,2.617618344666057e-06,22,0.5866666666666667
-1.133333333333347,5.430077363663765e-06,22,0.5866666666666667
-1.1000000000000139,1.0989715258116831e-05,22,0.5866666666666667
-1.0666666666666806,2.169893309789942e-05,22,0.5866666666666667
-1.0333333333333474,4.179532864119829e-05,22,0.5866666666666667
-1.0000000000000142,7.852295751723811e-05,22,0.5866666666666667
-0.966666666666681,0.0001438687512525823,22,0.5866666666666667
-0.9333333333333478,0.00025700584218857526,22,0.5866666666666667
-0.9000000000000146,0.0004475314667188393,22,0.5866666666666667
-0.8666666666666814,0.0007594624105295246,22,0.5866666666666667
-0.8333333333333481,0.0012557427274389392,22,0.5866666666666667
-0.8000000000000149,0.002022739129393011,22,0.5866666666666667
-0.7666666666666817,0.003173901718974963,22,0.5866666666666667
-0.7333333333333485,0.004851548799489748,22,0.5866666666666667
-0.7000000000000153,0.00722571732815026,22,0.5866666666666667
-0.6666666666666821,0.010489307214919369,22,0.5866666666666667
-0.6333333333333488,0.014849356770735721,22,0.5866666666666667
-0.6000000000000156,0.02051510757095565,22,0.5866666666666667
-0.5666666666666824,0.027684319257316087,22,0.5866666666666667
-0.5333333333333492,0.036529807349847676,22,0.5866666666666667
-0.500000000000016,0.04718820785662708,22,0.5866666666666667
-0.4666666666666828,0.059752502365781,22,0.5866666666666667
-0.43333333333334956,0.07426902985430882,22,0.5866666666666667
-0.40000000000001634,0.09073883363049784,22,0.5866666666666667
-0.3666666666666831,0.10912249385981308,22,0.5866666666666667
-0.3333333333333499,0.12934721965465212,22,0.5866666666666667
-0.3000000000000167,0.15131493026633033,22,0.5866666666666667
-0.2666666666666835,0.17491025405665955,22,0.5866666666666667
-0.23333333333335027,0.20000769430153545,22,0.5866666666666667
-0.20000000000001705,0.22647754442522094,22,0.5866666666666667
-0.16666666666668384,0.2541904073022406,22,0.5866666666666667
-0.13333333333335062,0.2830203688067542,22,0.5866666666666667
-0.10000000000001741,0.3128469698627072,22,0.5866666666666667
-0.0666666666666842,0.3435561670576297,22,0.5866666666666667
-0.03333333333335098,0.3750404423285855,22,0.5866666666666667
-1.7763568394002505e-14,0.4071981487398743,22,0.5866666666666667
0.03333333333331545,0.43993211754025513,22,0.5866666666666667
0.06666666666664867,0.4731471988988163,22,0.5866666666666667
0.09999999999998188,0.5067463564750861,22,0.5866666666666667
0.1333333333333151,0.5406235180992159,22,0.5866666666666667
0.1666666666666483,0.5746507534539289,22,0.5866666666666667
0.19999999999998153,0.6086515691057931,22,0.5866666666666667
0.23333333333331474,0.642345308037502,22,0.5866666666666667
0.26666666666664796,0.6752207249109486,22,0.5866666666666667
0.29999999999998117,0.7062463745592411,22,0.5866666666666667
0.3333333333333144,0.7331945775049545,22,0.5866666666666667
0.3666666666666476,0.7511515631234333,22,0.5866666666666667
0.3999999999999808,0.7498352488986709,22,0.5866666666666667
0.43333333333331403,0.7115936193563704,22,0.5866666666666667
0.46666666666664725,0.618523399007663,22,0.5866666666666667
0.49999999999998046,0.47431910728346827,22,0.5866666666666667
0.5333333333333137,0.315651050401918,22,0.5866666666666667
0.5666666666666469,0.18548361986284734,22,0.5866666666666667
0.5999999999999801,0.10062153810514632,22,0.5866666666666667
0.6333333333333133,0.05298775422701117,22,0.5866666666666667
0.6666666666666465,0.028107969782669207,22,0.5866666666666667
0.6999999999999797,0.015281162946819402,22,0.5866666666666667
0.733333333333313,0.008523515617953946,22,0.5866666666666667
0.7666666666666462,0.004840867158058066,22,0.5866666666666667
0.7999999999999794,0.002772329461515643,22,0.5866666666666667
0.8333333333333126,0.0015874210734490163,22,0.5866666666666667
0.8666666666666458,0.0009029966077819788,22,0.5866666666666667
0.899999999999979,0.000507975894251695,22,0.5866666666666667
0.9333333333333123,0.0002816768215716207,22,0.5866666666666667
0.9666666666666455,0.00015359762654383355,22,0.5866666666666667
0.9999999999999787,8.222000340373779e-05,22,0.5866666666666667
1.033333333333312,4.314619087686891e-05,22,0.5866666666666667
1.0666666666666451,2.217263434023206e-05,22,0.5866666666666667
1.0999999999999783,1.114886152039066e-05,22,0.5866666666666667
1.1333333333333115,5.481223099783979e-06,22,0.5866666666666667
1.1666666666666448,2.6333186434603787e-06,22,0.5866666666666667
1.199999999999978,1.2356374590906045e-06,22,0.5866666666666667
1.2333333333333112,5.660454553626992e-07,22,0.5866666666666667
1.2666666666666444,2.530555897815082e-07,22,0.5866666666666667
1.2999999999999776,1.103651739640998e-07,22,0.5866666666666667
1.3333333333333108,4.694158065694958e-08,22,0.5866666666666667
1.366666666666644,1.946518512332173e-08,22,0.5866666666666667
1.3999999999999773,7.86692875732173e-09,22,0.5866666666666667
1.4333333333333105,3.0979301349059704e-09,22,0.5866666666666667
1.4666666666666437,1.1883203154150866e-09,22,0.5866666666666667
1.499999999999977,4.438822329157463e-10,22,0.5866666666666667
1.5333333333333101,1.6141791650966016e-10,22,0.5866666666666667
1.5666666666666433,5.712986042422314e-11,22,0.5866666666666667
1.5999999999999766,1.9673426684748414e-11,22,0.5866666666666667
1.6333333333333098,6.589926549687899e-12,22,0.5866666666666667
1.666666666666643,2.146562834940829e-12,22,0.5866666666666667
1.6999999999999762,6.797488992373463e-13,22,0.5866666666666667
1.7333333333333094,2.09206690966936e-13,22,0.5866666666666667
1.7666666666666426,6.256135532771369e-14,22,0.5866666666666667
1.7999999999999758,1.817284597956144e-14,22,0.5866666666666667
1.833333333333309,5.126373113735586e-15,22,0.5866666666666667
1.8666666666666423,1.4039575308499123e-15,22,0.5866666666666667
1.8999999999999755,3.7320050559721394e-16,22,0.5866666666666667
1.9333333333333087,9.626427570324974e-17,22,0.5866666666666667
1.966666666666642,2.4088806075832842e-17,22,0.5866666666666667
1.9999999999999751,5.8463883357016984e-18,22,0.5866666666666667
2.0333333333333083,1.3758782913254975e-18,22,0.5866666666666667
2.0666666666666416,3.1390112323649726e-19,22,0.5866666666666667
2.0999999999999748,6.941121383664812e-20,22,0.5866666666666667
2.133333333333308,1.4872937594508707e-20,22,0.5866666666666667
2.166666666666641,3.08747696495106e-21,22,0.5866666666666667
2.1999999999999744,6.208164173894103e-22,22,0.5866666666666667
2.2333333333333076,1.2089016649966198e-22,22,0.5866666666666667
2.266666666666641,2.2793241463038976e-23,22,0.5866666666666667
2.299999999999974,4.160358583303101e-24,22,0.5866666666666667
2.3333333333333073,7.350052113497483e-25,22,0.5866666666666667
2.3666666666666405,1.2566480305920057e-25,22,0.5866666666666667
2.3999999999999737,2.078893396239379e-26,22,0.5866666666666667
2.433333333333307,3.327215700481123e-27,22,0.5866666666666667
2.46666666666664,5.15107357706381e-28,22,0.5866666666666667
2.4999999999999734,7.713002554613657e-29,22,0.5866666666666667
2.5333333333333066,1.116868119101648e-29,22,0.5866666666666667
2.56666666666664,1.5637942407420907e-30,22,0.5866666666666667
2.599999999999973,2.116927391024162e-31,22,0.5866666666666667
2.633333333333306,2.7703392094587117e-32,22,0.5866666666666667
2.6666666666666394,3.504411736160382e-33,22,0.5866666666666667
2.6999999999999726,4.28459245582951e-34,22,0.5866666666666667
2.733333333333306,5.062622232576752e-35,22,0.5866666666666667
2.766666666666639,5.780625105984263e-36,22,0.5866666666666667
2.7999999999999723,6.377804642917505e-37,22,0.5866666666666667
2.8333333333333055,6.798775014213067e-38,22,0.5866666666666667
2.8666666666666387,7.001983540615992e-39,22,0.5866666666666667
2.899999999999972,6.96646176794163e-40,22,0.5866666666666667
2.933333333333305,6.695388503274698e-41,22,0.5866666666666667
2.9666666666666384,6.215627218160902e-42,22,0.5866666666666667
2.9999999999999716,5.5733293898250115e-43,22,0.5866666666666667
3.033333333333305,4.826602017072875e-44,22,0.5866666666666667
3.066666666666638,4.036855479040078e-45,22,0.5866666666666667
3.0999999999999712,3.2606120048828163e-46,22,0.5866666666666667
3.1333333333333044,2.5432545299400673e-47,22,0.5866666666666667
3.1666666666666377,1.9155659429464756e-48,22,0.5866666666666667
3.199999999999971,1.3931693496740383e-49,22,0.5866666666666667
3.233333333333304,9.783500498666977e-51,22,0.5866666666666667
3.2666666666666373,6.633660505970793e-52,22,0.5866666666666667
3.2999999999999705,4.342770073153664e-53,22,0.5866666666666667
3.3333333333333037,2.744871217700731e-54,22,0.5866666666666667
3.366666666666637,1.674967630080772e-55,22,0.5866666666666667
3.39999999999997,9.867536331730647e-57,22,0.5866666666666667
3.4333333333333034,5.612007335814417e-58,22,0.5866666666666667
3.4666666666666366,3.0812356686555815e-59,22,0.5866666666666667
3.49999999999997,1.633125128678517e-60,22,0.5866666666666667
3.533333333333303,8.355898326204092e-62,22,0.5866666666666667
3.5666666666666362,4.1270319672425773e-63,22,0.5866666666666667
3.5999999999999694,1.9676412489689804e-64,22,0.5866666666666667
3.6333333333333027,9.055455648075387e-66,22,0.5866666666666667
3.666666666666636,4.02276236240307e-67,22,0.5866666666666667
3.699999999999969,1.7249715967766133e-68,22,0.5866666666666667
3.7333333333333023,7.139655403955959e-70,22,0.5866666666666667
3.7666666666666355,2.8523637257277652e-71,22,0.5866666666666667
3.7999999999999687,1.09991693704043e-72,22,0.5866666666666667
3.833333333333302,4.093902758270999e-74,22,0.5866666666666667
3.866666666666635,1.4707316440840651e-75,22,0.5866666666666667
3.8999999999999684,5.099687433962397e-77,22,0.5866666666666667
3.9333333333333016,1.7067271205201467e-78,22,0.5866666666666667
3.966666666666635,5.5130443802089124e-80,22,0.5866666666666667
3.999999999999968,1.7187885550651464e-81,22,0.5866666666666667
4.033333333333301,5.1719450840572345e-83,22,0.5866666666666667
4.0666666666666345,1.502045103039527e-84,22,0.5866666666666667
4.099999999999968,4.210241275089806e-86,22,0.5866666666666667
4.133333333333301,1.138999264330978e-87,22,0.5866666666666667
4.166666666666634,2.9739251015616003e-89,22,0.5866666666666667
4.199999999999967,7.494187718971793e-91,22,0.5866666666666667
4.2333333333333005,1.8226574160925847e-92,22,0.5866666666666667
4.266666666666634,4.2782837400366537e-94,22,0.5866666666666667
4.299999999999967,9.69206738973428e-96,22,0.5866666666666667
4.3333333333333,2.119063331878533e-97,22,0.5866666666666667
4.366666666666633,4.47147282547147e-99,22,0.5866666666666667
4.399999999999967,9.106153864145346e-101,22,0.5866666666666667
4.4333333333333,1.7897640485958293e-102,22,0.5866666666666667
4.466666666666633,3.394937252892549e-104,22,0.5866666666666667
4.499999999999966,6.215008858893866e-106,22,0.5866666666666667
4.5333333333332995,1.098056561941883e-107,22,0.5866666666666667
4.566666666666633,1.8723180951751198e-109,22,0.5866666666666667
4.599999999999966,3.081098574567362e-111,22,0.5866666666666667
4.633333333333299,4.893298649131631e-113,22,0.5866666666666667
4.666666666666632,7.5001028283720075e-115,22,0.5866666666666667
4.6999999999999655,1.1094336349638266e-116,22,0.5866666666666667
4.733333333333299,1.5838110021879004e-118,22,0.5866666666666667
4.766666666666632,2.182089945581438e-120,22,0.5866666666666667
4.799999999999965,2.901406635067538e-122,22,0.5866666666666667
4.833333333333298,3.7231509597600287e-124,22,0.5866666666666667
4.866666666666632,4.6108209634256784e-126,22,0.5866666666666667
4.899999999999965,5.510753054342988e-128,22,0.5866666666666667
4.933333333333298,6.356356719819524e-130,22,0.5866666666666667
4.966666666666631,7.075705835840747e-132,22,0.5866666666666667
4.9999999999999645,7.601433684339676e-134,22,0.5866666666666667
-5.0,3.8405163484901627e-134,23,0.6133333333333334
-4.966666666666667,3.1781823008013855e-130,23,0.6133333333333334
-4.933333333333334,2.75573027343934e-128,23,0.6133333333333334
-4.9,2.3057282995341772e-126,23,0.6133333333333334
-4.866666666666667,1.8618510175240525e-124,23,0.6133333333333334
-4.833333333333334,1.4509338585752595e-122,23,0.6133333333333334
-4.800000000000001,1.0912311303336826e-120,23,0.6133333333333334
-4.7666666666666675,7.920505714221016e-119,23,0.6133333333333334
-4.733333333333334,5.548259219766848e-117,23,0.6133333333333334
-4.700000000000001,3.750843319670359e-115,23,0.6133333333333334
-4.666666666666668,2.4472040413724462e-113,23,0.6133333333333334
-4.633333333333335,1.5409242924183104e-111,23,0.6133333333333334
-4.600000000000001,9.364037125159177e-110,23,0.6133333333333334
-4.566666666666668,5.4918233589729694e-108,23,0.6133333333333334
-4.533333333333335,3.108440588481179e-106,23,0.6133333333333334
-4.500000000000002,1.6980176547200527e-104,23,0.6133333333333334
-4.466666666666669,8.95192774737093e-103,23,0.6133333333333334
-4.433333333333335,4.5547744006802155e-101,23,0.6133333333333334
-4.400000000000002,2.2366312947508115e-99,23,0.6133333333333334
-4.366666666666669,1.059986973628135e-97,23,0.6133333333333334
-4.333333333333336,4.8482694312601685e-96,23,0.6133333333333334
-4.3000000000000025,2.140201401675688e-94,23,0.6133333333333334
-4.266666666666669,9.118133114121507e-93,23,0.6133333333333334
-4.233333333333336,3.7492330013410996e-91,23,0.6133333333333334
-4.200000000000003,1.4878738794830512e-89,23,0.6133333333333334
-4.16666666666667,5.698743415492341e-88,23,0.6133333333333334
-4.133333333333336,2.1066076000875983e-86,23,0.6133333333333334
-4.100000000000003,7.515920511490868e-85,23,0.6133333333333334
-4.06666666666667,2.5880776626564487e-83,23,0.6133333333333334
-4.033333333333337,8.601453000808893e-82,23,0.6133333333333334
-4.0000000000000036,2.759108162636362e-80,23,0.6133333333333334
-3.9666666666666703,8.542229545344968e-79,23,0.6133333333333334
-3.933333333333337,2.5526002391620857e-77,23,0.6133333333333334
-3.900000000000004,7.362191855996754e-76,23,0.6133333333333334
-3.8666666666666707,2.049501222845253e-74,23,0.6133333333333334
-3.8333333333333375,5.506938343403308e-73,23,0.6133333333333334
-3.8000000000000043,1.428228814238103e-71,23,0.6133333333333334
-3.766666666666671,3.575327286650978e-70,23,0.6133333333333334
-3.733333333333338,8.639119802482464e-69,23,0.6133333333333334
-3.7000000000000046,2.014951008896805e-67,23,0.6133333333333334
-3.6666666666666714,4.536352682006603e-66,23,0.6133333333333334
-3.633333333333338,9.858320056624943e-65,23,0.6133333333333334
-3.600000000000005,2.0680437114386757e-63,23,0.6133333333333334
-3.5666666666666718,4.18778736933355e-62,23,0.6133333333333334
-3.5333333333333385,8.186260803203057e-61,23,0.6133333333333334
-3.5000000000000053,1.544795783486078e-59,23,0.6133333333333334
-3.466666666666672,2.8141692935419496e-58,23,0.6133333333333334
-3.433333333333339,4.949174344193591e-57,23,0.6133333333333334
-3.4000000000000057,8.4028981870578e-56,23,0.6133333333333334
-3.3666666666666725,1.3773693770121513e-54,23,0.6133333333333334
-3.3333333333333393,2.179759874720844e-53,23,0.6133333333333334
-3.300000000000006,3.330554609064313e-52,23,0.6133333333333334
-3.266666666666673,4.9134640996852514e-51,23,0.6133333333333334
-3.2333333333333396,6.999015050880401e-50,23,0.6133333333333334
-3.2000000000000064,9.626747217198959e-49,23,0.6133333333333334
-3.166666666666673,1.2785931117149037e-47,23,0.6133333333333334
-3.13333333333334,1.6398838321517172e-46,23,0.6133333333333334
-3.1000000000000068,2.0311440121643212e-45,23,0.6133333333333334
-3.0666666666666735,2.4296040685544724e-44,23,0.6133333333333334
-3.0333333333333403,2.806848972300448e-43,23,0.6133333333333334
-3.000000000000007,3.131946619157811e-42,23,0.6133333333333334
-2.966666666666674,3.3755608985779865e-41,23,0.6133333333333334
-2.9333333333333407,3.5143090200529207e-40,23,0.6133333333333334
-2.9000000000000075,3.5344687128157253e-39,23,0.6133333333333334
-2.8666666666666742,3.434219815937985e-38,23,0.6133333333333334
-2.833333333333341,3.2239122391541694e-37,23,0.6133333333333334
-2.800000000000008,2.924306428056367e-36,23,0.6133333333333334
-2.7666666666666746,2.563200139497074e-35,23,0.6133333333333334
-2.7333333333333414,2.171199353439765e-34,23,0.6133333333333334
-2.700000000000008,1.777518979239126e-33,23,0.6133333333333334
-2.666666666666675,1.4065925670054272e-32,23,0.6133333333333334
-2.6333333333333417,1.0759857541905676e-31,23,0.6133333333333334
-2.6000000000000085,7.957488164166536e-31,23,0.6133333333333334
-2.5666666666666753,5.6901869650476144e-30,23,0.6133333333333334
-2.533333333333342,3.934690989335883e-29,23,0.6133333333333334
-2.500000000000009,2.6313801944817063e-28,23,0.6133333333333334
-2.4666666666666757,1.7021728630102717e-27,23,0.6133333333333334
-2.4333333333333425,1.0652020660029443e-26,23,0.6133333333333334
-2.4000000000000092,6.449600937971826e-26,23,0.6133333333333334
-2.366666666666676,3.778970726553653e-25,23,0.6133333333333334
-2.333333333333343,2.1430116931772233e-24,23,0.6133333333333334
-2.3000000000000096,1.1764123337173225e-23,23,0.6133333333333334
-2.2666666666666764,6.252526254137227e-23,23,0.6133333333333334
-2.233333333333343,3.2180482942566803e-22,23,0.6133333333333334
-2.20000000000001,1.6041835657226327e-21,23,0.6133333333333334
-2.1666666666666767,7.746877005936055e-21,23,0.6133333333333334
-2.1333333333333435,3.624934540073807e-20,23,0.6133333333333334
-2.1000000000000103,1.6438703041519612e-19,23,0.6133333333333334
-2.066666666666677,7.226447525791912e-19,23,0.6133333333333334
-2.033333333333344,3.080144729452514e-18,23,0.6133333333333334
-2.0000000000000107,1.2732342183385449e-17,23,0.6133333333333334
-1.9666666666666774,5.105533201700117e-17,23,0.6133333333333334
-1.9333333333333442,1.9864465580544368e-16,23,0.6133333333333334
-1.900000000000011,7.501109029062773e-16,23,0.6133333333333334
-1.8666666666666778,2.7497868055240114e-15,23,0.6133333333333334
-1.8333333333333446,9.7884017118143e-15,23,0.6133333333333334
-1.8000000000000114,3.3843863795292863e-14,23,0.6133333333333334
-1.7666666666666782,1.13689764568035e-13,23,0.6133333333333334
-1.733333333333345,3.7115509370338334e-13,23,0.6133333333333334
-1.7000000000000117,1.1778844923227336e-12,23,0.6133333333333334
-1.6666666666666785,3.6348356785932934e-12,23,0.6133333333333334
-1.6333333333333453,1.090998024175275e-11,23,0.6133333333333334
-1.600000000000012,3.185979669441389e-11,23,0.6133333333333334
-1.5666666666666789,9.054506475854603e-11,23,0.6133333333333334
-1.5333333333333456,2.505024654552903e-10,23,0.6133333333333334
-1.5000000000000124,6.74849201552036e-10,23,0.6133333333333334
-1.4666666666666792,1.7708017204271314e-09,23,0.6133333333333334
-1.433333333333346,4.527107018860654e-09,23,0.6133333333333334
-1.4000000000000128,1.127913340176769e-08,23,0.6133333333333334
-1.3666666666666796,2.7393503650775775e-08,23,0.6133333333333334
-1.3333333333333464,6.486998207972679e-08,23,0.6133333333333334
-1.3000000000000131,1.498182302375169e-07,23,0.6133333333333334
-1.26666666666668,3.375212979805433e-07,23,0.6133333333333334
-1.2333333333333467,7.418775962482838e-07,23,0.6133333333333334
-1.2000000000000135,1.5911895100261807e-06,23,0.6133333333333334
-1.1666666666666803,3.3305532696569737e-06,23,0.6133333333333334
-1.133333333333347,6.803644017008313e-06,23,0.6133333333333334
-1.1000000000000139,1.356441695919011e-05,23,0.6133333333333334
-1.0666666666666806,2.6392196734526606e-05,23,0.6133333333333334
-1.0333333333333474,5.010980630533683e-05,23,0.6133333333333334
-1.0000000000000142,9.282824967327214e-05,23,0.6133333333333334
-0.966666666666681,0.00016775242262329431,23,0.6133333333333334
-0.9333333333333478,0.00029566419174648746,23,0.6133333333333334
-0.9000000000000146,0.0005081319801290323,23,0.6133333333333334
-0.8666666666666814,0.0008513617760021267,23,0.6133333333333334
-0.8333333333333481,0.0013903978318747538,23,0.6133333333333334
-0.8000000000000149,0.0022131228707421118,23,0.6133333333333334
-0.7666666666666817,0.003433254754007729,23,0.6133333333333334
-0.7333333333333485,0.005191382055805688,23,0.6133333333333334
-0.7000000000000153,0.007653130399185532,23,0.6133333333333334
-0.6666666666666821,0.011003878568323338,23,0.6133333333333334
-0.6333333333333488,0.015440038578377726,23,0.6133333333333334
-0.6000000000000156,0.021157654386778624,23,0.6133333333333334
-0.5666666666666824,0.028339746023127842,23,0.6133333333333334
-0.5333333333333492,0.03714420247137574,23,0.6133333333333334
-0.500000000000016,0.0476939679150232,23,0.6133333333333334
-0.4666666666666828,0.06007078648851195,23,0.6133333333333334
-0.43333333333334956,0.07431303312020932,23,0.6133333333333334
-0.40000000000001634,0.09041739588292401,23,0.6133333333333334
-0.3666666666666831,0.10834359318182185,23,0.6133333333333334
-0.3333333333333499,0.1280210141720078,23,0.6133333333333334
-0.3000000000000167,0.14935615810730057,23,0.6133333333333334
-0.2666666666666835,0.17223993835227047,23,0.6133333333333334
-0.23333333333335027,0.1965542030099977,23,0.6133333333333334
-0.20000000000001705,0.22217711372495552,23,0.6133333333333334
-0.16666666666668384,0.2489872664098609,23,0.6133333333333334
-0.13333333333335062,0.27686659590491414,23,0.6133333333333334
-0.10000000000001741,0.3057022057794282,23,0.6133333333333334
-0.0666666666666842,0.3353872847296977,23,0.6133333333333334
-0.03333333333335098,0.36582125941598187,23,0.6133333333333334
-1.7763568394002505e-14,0.39690929300213396,23,0.6133333333333334
0.03333333333331545,0.4285610859216223,23,0.6133333333333334
0.06666666666664867,0.4606889166562062,23,0.6133333333333334
0.09999999999998188,0.4932042551997806,23,0.6133333333333334
0.1333333333333151,0.526012231235629,23,0.6133333333333334
0.1666666666666483,0.5590009547519104,23,0.6133333333333334
0.19999999999998153,0.5920212294831905,23,0.6133333333333334
0.23333333333331474,0.6248428880535063,23,0.6133333333333334
0.26666666666664796,0.6570605519343158,23,0.6133333333333334
0.29999999999998117,0.6878773989812712,23,0.6133333333333334
0.3333333333333144,0.7156100230003961,23,0.6133333333333334
0.3666666666666476,0.7365791908001601,23,0.6133333333333334
0.3999999999999808,0.7429452295747175,23,0.6133333333333334
0.43333333333331403,0.7201156650273548,23,0.6133333333333334
0.46666666666664725,0.6492337360348218,23,0.6133333333333334
0.49999999999998046,0.5236743466048221,23,0.6133333333333334
0.5333333333333137,0.36801625203251,23,0.6133333333333334
0.5666666666666469,0.2260384725913699,23,0.6133333333333334
0.5999999999999801,0.1255549812728099,23,0.6133333333333334
0.6333333333333133,0.06623168113697617,23,0.6133333333333334
0.6666666666666465,0.03464929621831826,23,0.6133333333333334
0.6999999999999797,0.018459224229674363,23,0.6133333333333334
0.733333333333313,0.01010303104167179,23,0.6133333333333334
0.7666666666666462,0.005660915441304058,23,0.6133333333333334
0.7999999999999794,0.003218326933589048,23,0.6133333333333334
0.8333333333333126,0.0018390371162027154,23,0.6133333333333334
0.8666666666666458,0.0010481508570814135,23,0.6133333333333334
0.899999999999979,0.0005924839268851708,23,0.6133333333333334
0.9333333333333123,0.0003308336498534164,23,0.6133333333333334
0.9666666666666455,0.00018196292882824942,23,0.6133333333333334
0.9999999999999787,9.837625483776976e-05,23,0.6133333333333334
1.033333333333312,5.219757257263415e-05,23,0.6133333333333334
1.0666666666666451,2.7147873657964583e-05,23,0.6133333333333334
1.0999999999999783,1.3827021036389402e-05,23,0.6133333333333334
1.1333333333333115,6.891113554474744e-06,23,0.6133333333333334
1.1666666666666448,3.35843598283864e-06,23,0.6133333333333334
1.199999999999978,1.599683372203463e-06,23,0.6133333333333334
1.2333333333333112,7.443468169886161e-07,23,0.6133333333333334
1.2666666666666444,3.382053763087967e-07,23,0.6133333333333334
1.2999999999999776,1.499985975859528e-07,23,0.6133333333333334
1.3333333333333108,6.49151819040264e-08,23,0.6133333333333334
1.366666666666644,2.740425513546034e-08,23,0.6133333333333334
1.3999999999999773,1.1281557702973102e-08,23,0.6133333333333334
1.4333333333333105,4.5276245484637e-09,23,0.6133333333333334
1.4666666666666437,1.7709061857908863e-09,23,0.6133333333333334
1.499999999999977,6.748691162395834e-10,23,0.6133333333333334
1.5333333333333101,2.505060467087382e-10,23,0.6133333333333334
1.5666666666666433,9.054567160233802e-11,23,0.6133333333333334
1.5999999999999766,3.1859893487599594e-11,23,0.6133333333333334
1.6333333333333098,1.0909994759921109e-11,23,0.6133333333333334
1.666666666666643,3.6348377244712153e-12,23,0.6133333333333334
1.6999999999999762,1.1778847629547952e-12,23,0.6133333333333334
1.7333333333333094,3.7115512728262163e-13,23,0.6133333333333334
1.7666666666666426,1.136897684732574e-13,23,0.6133333333333334
1.7999999999999758,3.384386422072541e-14,23,0.6133333333333334
1.833333333333309,9.788401755205743e-15,23,0.6133333333333334
1.8666666666666423,2.749786809666405e-15,23,0.6133333333333334
1.8999999999999755,7.501109032765814e-16,23,0.6133333333333334
1.9333333333333087,1.9864465583652342e-16,23,0.6133333333333334
1.966666666666642,5.105533201947572e-17,23,0.6133333333333334
1.9999999999999751,1.273234218357917e-17,23,0.6133333333333334
2.0333333333333083,3.080144729469098e-18,23,0.6133333333333334
2.0666666666666416,7.226447525810728e-19,23,0.6133333333333334
2.0999999999999748,1.6438703041550297e-19,23,0.6133333333333334
2.133333333333308,3.624934540079959e-20,23,0.6133333333333334
2.166666666666641,7.746877005949058e-21,23,0.6133333333333334
2.1999999999999744,1.604183565725361e-21,23,0.6133333333333334
2.2333333333333076,3.2180482942622465e-22,23,0.6133333333333334
2.266666666666641,6.252526254148254e-23,23,0.6133333333333334
2.299999999999974,1.1764123337194362e-23,23,0.6133333333333334
2.3333333333333073,2.1430116931811506e-24,23,0.6133333333333334
2.3666666666666405,3.7789707265607103e-25,23,0.6133333333333334
2.3999999999999737,6.449600937984085e-26,23,0.6133333333333334
2.433333333333307,1.0652020660050085e-26,23,0.6133333333333334
2.46666666666664,1.7021728630136298e-27,23,0.6133333333333334
2.4999999999999734,2.6313801944869873e-28,23,0.6133333333333334
2.5333333333333066,3.934690989343933e-29,23,0.6133333333333334
2.56666666666664,5.690186965059448e-30,23,0.6133333333333334
2.599999999999973,7.957488164183388e-31,23,0.6133333333333334
2.633333333333306,1.0759857541928828e-31,23,0.6133333333333334
2.6666666666666394,1.4065925670085035e-32,23,0.6133333333333334
2.6999999999999726,1.7775189792430748e-33,23,0.6133333333333334
2.733333333333306,2.1711993534446765e-34,23,0.6133333333333334
2.766666666666639,2.563200139502964e-35,23,0.6133333333333334
2.7999999999999723,2.924306428063197e-36,23,0.6133333333333334
2.8333333333333055,3.2239122391618323e-37,23,0.6133333333333334
2.8666666666666387,3.4342198159462416e-38,23,0.6133333333333334
2.899999999999972,3.5344687128243694e-39,23,0.6133333333333334
2.933333333333305,3.5143090200616197e-40,23,0.6133333333333334
2.9666666666666384,3.375560898586474e-41,23,0.6133333333333334
2.9999999999999716,3.1319466191658155e-42,23,0.6133333333333334
3.033333333333305,2.806848972307706e-43,23,0.6133333333333334
3.066666666666638,2.4296040685608517e-44,23,0.6133333333333334
3.0999999999999712,2.0311440121697392e-45,23,0.6133333333333334
3.1333333333333044,1.6398838321561406e-46,23,0.6133333333333334
3.1666666666666377,1.278593111718404e-47,23,0.6133333333333334
3.199999999999971,9.626747217225714e-49,23,0.6133333333333334
3.233333333333304,6.999015050900045e-50,23,0.6133333333333334
3.2666666666666373,4.913464099699257e-51,23,0.6133333333333334
3.2999999999999705,3.3305546090739e-52,23,0.6133333333333334
3.3333333333333037,2.1797598747272363e-53,23,0.6133333333333334
3.366666666666637,1.3773693770162308e-54,23,0.6133333333333334
3.39999999999997,8.402898187082933e-56,23,0.6133333333333334
3.4333333333333034,4.9491743442086017e-57,23,0.6133333333333334
3.4666666666666366,2.8141692935506013e-58,23,0.6133333333333334
3.49999999999997,1.5447957834908929e-59,23,0.6133333333333334
3.533333333333303,8.186260803228799e-61,23,0.6133333333333334
3.5666666666666362,4.187787369346891e-62,23,0.6133333333333334
3.5999999999999694,2.0680437114453263e-63,23,0.6133333333333334
3.6333333333333027,9.858320056656917e-65,23,0.6133333333333334
3.666666666666636,4.5363526820215766e-66,23,0.6133333333333334
3.699999999999969,2.014951008903513e-67,23,0.6133333333333334
3.7333333333333023,8.639119802511705e-69,23,0.6133333333333334
3.7666666666666355,3.575327286663182e-70,23,0.6133333333333334
3.7999999999999687,1.428228814243018e-71,23,0.6133333333333334
3.833333333333302,5.5069383434225706e-73,23,0.6133333333333334
3.866666666666635,2.0495012228524804e-74,23,0.6133333333333334
3.8999999999999684,7.362191856022927e-76,23,0.6133333333333334
3.9333333333333016,2.552600239171303e-77,23,0.6133333333333334
3.966666666666635,8.54222954537606e-79,23,0.6133333333333334
3.999999999999968,2.759108162646485e-80,23,0.6133333333333334
4.033333333333301,8.60145300084093e-82,23,0.6133333333333334
4.0666666666666345,2.588077662666162e-83,23,0.6133333333333334
4.099999999999968,7.51592051151929e-85,23,0.6133333333333334
4.133333333333301,2.1066076000956835e-86,23,0.6133333333333334
4.166666666666634,5.698743415514376e-88,23,0.6133333333333334
4.199999999999967,1.4878738794888464e-89,23,0.6133333333333334
4.2333333333333005,3.749233001355915e-91,23,0.6133333333333334
4.266666666666634,9.11813311415779e-93,23,0.6133333333333334
4.299999999999967,2.140201401684266e-94,23,0.6133333333333334
4.3333333333333,4.848269431279876e-96,23,0.6133333333333334
4.366666666666633,1.0599869736324737e-97,23,0.6133333333333334
4.399999999999967,2.236631294760033e-99,23,0.6133333333333334
4.4333333333333,4.5547744006991193e-101,23,0.6133333333333334
4.466666666666633,8.951927747408593e-103,23,0.6133333333333334
4.499999999999966,1.6980176547272454e-104,23,0.6133333333333334
4.5333333333332995,3.1084405884945204e-106,23,0.6133333333333334
4.566666666666633,5.491823358996699e-108,23,0.6133333333333334
4.599999999999966,9.364037125200165e-110,23,0.6133333333333334
4.633333333333299,1.5409242924250996e-111,23,0.6133333333333334
4.666666666666632,2.4472040413832973e-113,23,0.6133333333333334
4.6999999999999655,3.750843319687098e-115,23,0.6133333333333334
4.733333333333299,5.548259219791924e-117,23,0.6133333333333334
4.766666666666632,7.920505714257036e-119,23,0.6133333333333334
4.799999999999965,1.0912311303387071e-120,23,0.6133333333333334
4.833333333333298,1.4509338585819403e-122,23,0.6133333333333334
4.866666666666632,1.8618510175327316e-124,23,0.6133333333333334
4.899999999999965,2.3057282995488302e-126,23,0.6133333333333334
4.933333333333298,2.755730312463286e-128,23,0.6133333333333334
4.966666666666631,3.178558431593979e-130,23,0.6133333333333334
4.9999999999999645,3.538250912983577e-132,23,0.6133333333333334
-5.0,1.7883280382342393e-132,24,0.64
-4.966666666666667,1.3778670569778443e-128,24,0.64
-4.933333333333334,1.1530230588821286e-126,24,0.64
-4.9,9.310632952756982e-125,24,0.64
-4.866666666666667,7.255822157026065e-123,24,0.64
-4.833333333333334,5.4570865771771755e-121,24,0.64
-4.800000000000001,3.9609783240397955e-119,24,0.64
-4.7666666666666675,2.774675225448591e-117,24,0.64
-4.733333333333334,1.8758176851208907e-115,24,0.64
-4.700000000000001,1.2238794336472115e-113,24,0.64
-4.666666666666668,7.7064968837513875e-112,24,0.64
-4.633333333333335,4.6832421646002746e-110,24,0.64
-4.600000000000001,2.746682141632694e-108,24,0.64
-4.566666666666668,1.5546884960968473e-106,24,0.64
-4.533333333333335,8.49283418527975e-105,24,0.64
-4.500000000000002,4.477518093979706e-103,24,0.64
-4.466666666666669,2.278236209167468e-101,24,0.64
-4.433333333333335,1.1187632437627742e-99,24,0.64
-4.400000000000002,5.302212255341015e-98,24,0.64
-4.366666666666669,2.42525303127746e-96,24,0.64
-4.333333333333336,1.070630694324658e-94,24,0.64
-4.3000000000000025,4.561490691776384e-93,24,0.64
-4.266666666666669,1.8756866013713877e-91,24,0.64
-4.233333333333336,7.443928463972317e-90,24,0.64
-4.200000000000003,2.851246324246841e-88,24,0.64
-4.16666666666667,1.0540477369835407e-86,24,0.64
-4.133333333333336,3.76080962745318e-85,24,0.64
-4.100000000000003,1.295092135128268e-83,24,0.64
-4.06666666666667,4.304484460660192e-82,24,0.64
-4.033333333333337,1.3808481201495092e-80,24,0.64
-4.0000000000000036,4.275415499172889e-79,24,0.64
-3.9666666666666703,1.277679673662361e-77,24,0.64
-3.933333333333337,3.6853670427710495e-76,24,0.64
-3.900000000000004,1.0260269115422075e-74,24,0.64
-3.8666666666666707,2.7571502676296524e-73,24,0.64
-3.8333333333333375,7.151391577304741e-72,24,0.64
-3.8000000000000043,1.7904171124971908e-70,24,0.64
-3.766666666666671,4.3267010453124226e-69,24,0.64
-3.733333333333338,1.009263168091728e-67,24,0.64
-3.7000000000000046,2.2724959009045426e-66,24,0.64
-3.6666666666666714,4.939234783356955e-65,24,0.64
-3.633333333333338,1.0362900320603411e-63,24,0.64
-3.600000000000005,2.0988228446950875e-62,24,0.64
-3.5666666666666718,4.103470620158722e-61,24,0.64
-3.5333333333333385,7.744917854277058e-60,24,0.64
-3.5000000000000053,1.4111777771725763e-58,24,0.64
-3.466666666666672,2.4823111510142258e-57,24,0.64
-3.433333333333339,4.21551993999661e-56,24,0.64
-3.4000000000000057,6.911592756781725e-55,24,0.64
-3.3666666666666725,1.0940813864539509e-53,24,0.64
-3.3333333333333393,1.6721641514172175e-52,24,0.64
-3.300000000000006,2.46763084921623e-51,24,0.64
-3.266666666666673,3.516160298485522e-50,24,0.64
-3.2333333333333396,4.837940929097906e-49,24,0.64
-3.2000000000000064,6.427960633828921e-48,24,0.64
-3.166666666666673,8.247552896844581e-47,24,0.64
-3.13333333333334,1.021964971640735e-45,24,0.64
-3.1000000000000068,1.2230014534379948e-44,24,0.64
-3.0666666666666735,1.4135802062110456e-43,24,0.64
-3.0333333333333403,1.578121329921678e-42,24,0.64
-3.000000000000007,1.7018146941504955e-41,24,0.64
-2.966666666666674,1.7728142431222493e-40,24,0.64
-2.9333333333333407,1.7841121609007525e-39,24,0.64
-2.9000000000000075,1.734681453069257e-38,24,0.64
-2.8666666666666742,1.6296284631411634e-37,24,0.64
-2.833333333333341,1.4793243131078734e-36,24,0.64
-2.800000000000008,1.2977196309443078e-35,24,0.64
-2.7666666666666746,1.1002212088601644e-34,24,0.64
-2.7333333333333414,9.015754903170483e-34,24,0.64
-2.700000000000008,7.141522802699124e-33,24,0.64
-2.666666666666675,5.468804719914794e-32,24,0.64
-2.6333333333333417,4.049073710433539e-31,24,0.64
-2.6000000000000085,2.8988927702333356e-30,24,0.64
-2.5666666666666753,2.0071329354887742e-29,24,0.64
-2.533333333333342,1.3441410320660912e-28,24,0.64
-2.500000000000009,8.707598864518152e-28,24,0.64
-2.4666666666666757,5.457579339738807e-27,24,0.64
-2.4333333333333425,3.309909112136427e-26,24,0.64
-2.4000000000000092,1.942745466576974e-25,24,0.64
-2.366666666666676,1.1037538512784709e-24,24,0.64
-2.333333333333343,6.071010204914295e-24,24,0.64
-2.3000000000000096,3.2334137117274744e-23,24,0.64
-2.2666666666666764,1.6678447638142062e-22,24,0.64
-2.233333333333343,8.333544141320025e-22,24,0.64
-2.20000000000001,4.034340917680862e-21,24,0.64
-2.1666666666666767,1.892676448323035e-20,24,0.64
-2.1333333333333435,8.606695371056609e-20,24,0.64
-2.1000000000000103,3.794470489899646e-19,24,0.64
-2.066666666666677,1.6222658799338552e-18,24,0.64
-2.033333333333344,6.7274934679823206e-18,24,0.64
-2.0000000000000107,2.7067738373226842e-17,24,0.64
-1.9666666666666774,1.0568849899441456e-16,24,0.64
-1.9333333333333442,4.0058311746163915e-16,24,0.64
-1.900000000000011,1.4742157306647259e-15,24,0.64
-1.8666666666666778,5.26925630736027e-15,24,0.64
-1.8333333333333446,1.829682530040821e-14,24,0.64
-1.8000000000000114,6.173908313992208e-14,24,0.64
-1.7666666666666782,2.0249947874931078e-13,24,0.64
-1.733333333333345,6.457871284451095e-13,24,0.64
-1.7000000000000117,2.0029953861457236e-12,24,0.64
-1.6666666666666785,6.0439323670142144e-12,24,0.64
-1.6333333333333453,1.7747316186303222e-11,24,0.64
-1.600000000000012,5.0727522498533516e-11,24,0.64
-1.5666666666666789,1.411811310625048e-10,24,0.64
-1.5333333333333456,3.8269713306584647e-10,24,0.64
-1.5000000000000124,1.0106520923266134e-09,24,0.64
-1.4666666666666792,2.6009781061984896e-09,24,0.64
-1.433333333333346,6.5249675362807894e-09,24,0.64
-1.4000000000000128,1.5960305188836344e-08,24,0.64
-1.3666666666666796,3.80745569245681e-08,24,0.64
-1.3333333333333464,8.860586260512671e-08,24,0.64
-1.3000000000000131,2.0119561808763264e-07,24,0.64
-1.26666666666668,4.458478076555272e-07,24,0.64
-1.2333333333333467,9.643549204106759e-07,24,0.64
-1.2000000000000135,2.036213324512086e-06,24,0.64
-1.1666666666666803,4.197408011979677e-06,24,0.64
-1.133333333333347,8.44745053425907e-06,24,0.64
-1.1000000000000139,1.6597790324072144e-05,24,0.64
-1.0666666666666806,3.183664623240737e-05,24,0.64
-1.0333333333333474,5.9608639096721585e-05,24,0.64
-1.0000000000000142,0.00010892598848779396,24,0.64
-0.966666666666681,0.00019423046066381107,24,0.64
-0.9333333333333478,0.0003378961899293765,24,0.64
-0.9000000000000146,0.0005733855039624358,24,0.64
-0.8666666666666814,0.0009489299043975626,24,0.64
-0.8333333333333481,0.0015314077041786464,24,0.64
-0.8000000000000149,0.0024098554865262345,24,0.64
-0.7666666666666817,0.003697841956312232,24,0.64
-0.7333333333333485,0.005533835943256426,24,0.64
-0.7000000000000153,0.0080788033328851,24,0.64
-0.6666666666666821,0.011510619611502657,24,0.64
-0.6333333333333488,0.016015454278430187,24,0.64
-0.6000000000000156,0.021776943018082064,24,0.64
-0.5666666666666824,0.028964519341460347,24,0.64
-0.5333333333333492,0.037722542294910746,24,0.64
-0.500000000000016,0.048161732957521075,24,0.64
-0.4666666666666828,0.06035395805440705,24,0.64
-0.43333333333334956,0.07433072996793778,24,0.64
-0.40000000000001634,0.09008513169261102,24,0.64
-0.3666666666666831,0.1075763901091899,24,0.64
-0.3333333333333499,0.12673609008835623,24,0.64
-0.3000000000000167,0.14747503300334625,24,0.64
-0.2666666666666835,0.16968992200738467,24,0.64
-0.23333333333335027,0.19326931133870143,24,0.64
-0.20000000000001705,0.21809851388725737,24,0.64
-0.16666666666668384,0.24406336640197018,24,0.64
-0.13333333333335062,0.27105290013781397,24,0.64
-0.10000000000001741,0.2989610365512291,24,0.64
-0.0666666666666842,0.32768746155324757,24,0.64
-0.03333333333335098,0.35713781764329694,24,0.64
-1.7763568394002505e-14,0.3872232905636771,24,0.64
0.03333333333331545,0.41785964661748703,24,0.64
0.06666666666664867,0.4489655039645314,24,0.64
0.09999999999998188,0.48045965604999447,24,0.64
0.1333333333333151,0.5122562789625701,24,0.64
0.1666666666666483,0.5442566766095491,24,0.64
0.19999999999998153,0.5763326079352085,24,0.64
0.23333333333331474,0.6082930041588652,24,0.64
0.26666666666664796,0.6398108072617502,24,0.64
0.29999999999998117,0.670261460245276,24,0.64
0.3333333333333144,0.6983535772325997,24,0.64
0.3666666666666476,0.7213036444617165,24,0.64
0.3999999999999808,0.7331438945741632,24,0.64
0.43333333333331403,0.7221821168331891,24,0.64
0.46666666666664725,0.6707613557612488,24,0.64
0.49999999999998046,0.5658386904828012,24,0.64
0.5333333333333137,0.4194846956382056,24,0.64
0.5666666666666469,0.270719998340188,24,0.64
0.5999999999999801,0.1554764279652149,24,0.64
0.6333333333333133,0.08301483466436224,24,0.64
0.6666666666666465,0.043154631208739,24,0.64
0.6999999999999797,0.022595864128434184,24,0.64
0.733333333333313,0.012121809234594771,24,0.64
0.7666666666666462,0.006679021709225923,24,0.64
0.7999999999999794,0.0037557090599771516,24,0.64
0.8333333333333126,0.0021350906969416837,24,0.64
0.8666666666666458,0.001216366725606174,24,0.64
0.899999999999979,0.0006896900873304799,24,0.64
0.9333333333333123,0.00038728701319594005,24,0.64
0.9666666666666455,0.00021462490694886498,24,0.64
0.9999999999999787,0.00011708632788461884,24,0.64
1.033333333333312,6.276385242396153e-05,24,0.64
1.0666666666666451,3.301280348452612e-05,24,0.64
1.0999999999999783,1.701963151013929e-05,24,0.64
1.1333333333333115,8.592764491097719e-06,24,0.64
1.1666666666666448,4.24540744903093e-06,24,0.64
1.199999999999978,2.0513935449216416e-06,24,0.64
1.2333333333333112,9.689448631769329e-07,24,0.64
1.2666666666666444,4.4717281359780535e-07,24,0.64
1.2999999999999776,2.015603011401907e-07,24,0.64
1.3333333333333108,8.870143071042378e-08,24,0.64
1.366666666666644,3.809837062084121e-08,24,0.64
1.3999999999999773,1.5965939988060786e-08,24,0.64
1.4333333333333105,6.526231969209481e-09,24,0.64
1.4666666666666437,2.601246836360429e-09,24,0.64
1.499999999999977,1.0107061168644834e-09,24,0.64
1.5333333333333101,3.8270739401041063e-10,24,0.64
1.5666666666666433,1.4118297011051654e-10,24,0.64
1.5999999999999766,5.0727833182745463e-11,24,0.64
1.6333333333333098,1.7747365606235773e-11,24,0.64
1.666666666666643,6.04393976146148e-12,24,0.64
1.6999999999999762,2.002996425879533e-12,24,0.64
1.7333333333333094,6.457872657143011e-13,24,0.64
1.7666666666666426,2.0249949575170083e-13,24,0.64
1.7999999999999758,6.173908511423413e-14,24,0.64
1.833333333333309,1.8296825515196136e-14,24,0.64
1.8666666666666423,5.269256329241181e-15,24,0.64
1.8999999999999755,1.4742157327514659e-15,24,0.64
1.9333333333333087,4.005831176480287e-16,24,0.64
1.966666666666642,1.0568849901005131e-16,24,0.64
1.9999999999999751,2.706773837447241e-17,24,0.64
2.0333333333333083,6.7274934680801216e-18,24,0.64
2.0666666666666416,1.6222658799423006e-18,24,0.64
2.0999999999999748,3.794470489909362e-19,24,0.64
2.133333333333308,8.606695371072602e-20,24,0.64
2.166666666666641,1.8926764483262478e-20,24,0.64
2.1999999999999744,4.0343409176876415e-21,24,0.64
2.2333333333333076,8.333544141334218e-22,24,0.64
2.266666666666641,1.6678447638170951e-22,24,0.64
2.299999999999974,3.2334137117331844e-23,24,0.64
2.3333333333333073,6.071010204925216e-24,24,0.64
2.3666666666666405,1.1037538512804956e-24,24,0.64
2.3999999999999737,1.9427454665806055e-25,24,0.64
2.433333333333307,3.309909112142724e-26,24,0.64
2.46666666666664,5.457579339749392e-27,24,0.64
2.4999999999999734,8.707598864535346e-28,24,0.64
2.5333333333333066,1.344141032068791e-28,24,0.64
2.56666666666664,2.0071329354928836e-29,24,0.64
2.599999999999973,2.898892770239368e-30,24,0.64
2.633333333333306,4.0490737104421195e-31,24,0.64
2.6666666666666394,5.468804719926567e-32,24,0.64
2.6999999999999726,7.141522802714751e-33,24,0.64
2.733333333333306,9.015754903190523e-34,24,0.64
2.766666666666639,1.1002212088626542e-34,24,0.64
2.7999999999999723,1.2977196309472912e-35,24,0.64
2.8333333333333055,1.4793243131113297e-36,24,0.64
2.8666666666666387,1.629628463145038e-37,24,0.64
2.899999999999972,1.734681453073429e-38,24,0.64
2.933333333333305,1.784112160905117e-39,24,0.64
2.9666666666666384,1.772814243126639e-40,24,0.64
2.9999999999999716,1.7018146941547755e-41,24,0.64
3.033333333333305,1.578121329925712e-42,24,0.64
3.066666666666638,1.4135802062147017e-43,24,0.64
3.0999999999999712,1.2230014534412067e-44,24,0.64
3.1333333333333044,1.0219649716434617e-45,24,0.64
3.1666666666666377,8.247552896866832e-47,24,0.64
3.199999999999971,6.42796063384652e-48,24,0.64
3.233333333333304,4.837940929111353e-49,24,0.64
3.2666666666666373,3.5161602984953923e-50,24,0.64
3.2999999999999705,2.4676308492232646e-51,24,0.64
3.3333333333333037,1.6721641514220313e-52,24,0.64
3.366666666666637,1.0940813864571596e-53,24,0.64
3.39999999999997,6.911592756802198e-55,24,0.64
3.4333333333333034,4.215519940009219e-56,24,0.64
3.4666666666666366,2.4823111510217553e-57,24,0.64
3.49999999999997,1.411177777176915e-58,24,0.64
3.533333333333303,7.744917854301199e-60,24,0.64
3.5666666666666362,4.103470620171626e-61,24,0.64
3.5999999999999694,2.0988228447017736e-62,24,0.64
3.6333333333333027,1.036290032063674e-63,24,0.64
3.666666666666636,4.939234783372976e-65,24,0.64
3.699999999999969,2.2724959009120442e-66,24,0.64
3.7333333333333023,1.0092631680950881e-67,24,0.64
3.7666666666666355,4.326701045327068e-69,24,0.64
3.7999999999999687,1.7904171125033023e-70,24,0.64
3.833333333333302,7.151391577329352e-72,24,0.64
3.866666666666635,2.7571502676392968e-73,24,0.64
3.8999999999999684,1.0260269115458259e-74,24,0.64
3.9333333333333016,3.685367042784151e-76,24,0.64
3.966666666666635,1.2776796736669748e-77,24,0.64
3.999999999999968,4.27541549918845e-79,24,0.64
4.033333333333301,1.3808481201545755e-80,24,0.64
4.0666666666666345,4.3044844606762246e-82,24,0.64
4.099999999999968,1.2950921351331288e-83,24,0.64
4.133333333333301,3.760809627467402e-85,24,0.64
4.166666666666634,1.0540477369875862e-86,24,0.64
4.199999999999967,2.851246324257866e-88,24,0.64
4.2333333333333005,7.443928464001311e-90,24,0.64
4.266666666666634,1.8756866013787995e-91,24,0.64
4.299999999999967,4.561490691794535e-93,24,0.64
4.3333333333333,1.0706306943289492e-94,24,0.64
4.366666666666633,2.425253031287318e-96,24,0.64
4.399999999999967,5.302212255362718e-98,24,0.64
4.4333333333333,1.118763243767387e-99,24,0.64
4.466666666666633,2.2782362091769233e-101,24,0.64
4.499999999999966,4.477518093998544e-103,24,0.64
4.5333333333332995,8.492834185315726e-105,24,0.64
4.566666666666633,1.5546884961035202e-106,24,0.64
4.599999999999966,2.746682141644562e-108,24,0.64
4.633333333333299,4.683242164620774e-110,24,0.64
4.666666666666632,7.706496883785342e-112,24,0.64
4.6999999999999655,1.2238794336526382e-113,24,0.64
4.733333333333299,1.8758176851292617e-115,24,0.64
4.766666666666632,2.7746752254611313e-117,24,0.64
4.799999999999965,3.960978324057809e-119,24,0.64
4.833333333333298,5.457086577202302e-121,24,0.64
4.866666666666632,7.255822157059476e-123,24,0.64
4.899999999999965,9.31063295281989e-125,24,0.64
4.933333333333298,1.1530230776959948e-126,24,0.64
4.966666666666631,1.378042068777292e-128,24,0.64
4.9999999999999645,1.589471241614414e-130,24,0.64
-5.0,8.036772609983782e-131,25,0.6666666666666667
-4.966666666666667,5.765124236050834e-127,25,0.6666666666666667
-4.933333333333334,4.65600540990698e-125,25,0.6666666666666667
-4.9,3.6284875900424737e-123,25,0.6666666666666667
-4.866666666666667,2.7290088202362257e-121,25,0.6666666666666667
-4.833333333333334,1.980851953127749e-119,25,0.6666666666666667
-4.800000000000001,1.3876104670531543e-117,25,0.6666666666666667
-4.7666666666666675,9.381068914766474e-116,25,0.6666666666666667
-4.733333333333334,6.1207845058487815e-114,25,0.6666666666666667
-4.700000000000001,3.854186350718254e-112,25,0.6666666666666667
-4.666666666666668,2.342233022016961e-110,25,0.6666666666666667
-4.633333333333335,1.3737263956605345e-108,25,0.6666666666666667
-4.600000000000001,7.775784101566536e-107,25,0.6666666666666667
-4.566666666666668,4.247790433710692e-105,25,0.6666666666666667
-4.533333333333335,2.2395363912379013e-103,25,0.6666666666666667
-4.500000000000002,1.139542746292998e-101,25,0.6666666666666667
-4.466666666666669,5.596054977860861e-100,25,0.6666666666666667
-4.433333333333335,2.6522452457750912e-98,25,0.6666666666666667
-4.400000000000002,1.2131858972606114e-96,25,0.6666666666666667
-4.366666666666669,5.355804577750961e-95,25,0.6666666666666667
-4.333333333333336,2.2819579724038306e-93,25,0.6666666666666667
-4.3000000000000025,9.383786160328562e-92,25,0.6666666666666667
-4.266666666666669,3.7242449773320465e-90,25,0.6666666666666667
-4.233333333333336,1.426561005424106e-88,25,0.6666666666666667
-4.200000000000003,5.273960649149689e-87,25,0.6666666666666667
-4.16666666666667,1.8818304368887135e-85,25,0.6666666666666667
-4.133333333333336,6.480730914326258e-84,25,0.6666666666666667
-4.100000000000003,2.1541226351438226e-82,25,0.6666666666666667
-4.06666666666667,6.910716061423187e-81,25,0.6666666666666667
-4.033333333333337,2.1398599918167745e-79,25,0.6666666666666667
-4.0000000000000036,6.395302608912553e-78,25,0.6666666666666667
-3.9666666666666703,1.8448212291351113e-76,25,0.6666666666666667
-3.933333333333337,5.136522956079349e-75,25,0.6666666666666667
-3.900000000000004,1.3804178173362118e-73,25,0.6666666666666667
-3.8666666666666707,3.5808259232100813e-72,25,0.6666666666666667
-3.8333333333333375,8.965871313824103e-71,25,0.6666666666666667
-3.8000000000000043,2.1669262184448637e-69,25,0.6666666666666667
-3.766666666666671,5.055267926021125e-68,25,0.6666666666666667
-3.733333333333338,1.1384113009749275e-66,25,0.6666666666666667
-3.7000000000000046,2.4746637075189363e-65,25,0.6666666666666667
-3.6666666666666714,5.192812639806228e-64,25,0.6666666666666667
-3.633333333333338,1.0518810397392221e-62,25,0.6666666666666667
-3.600000000000005,2.056916760239663e-61,25,0.6666666666666667
-3.5666666666666718,3.8829530413620044e-60,25,0.6666666666666667
-3.5333333333333385,7.076406238963675e-59,25,0.6666666666666667
-3.5000000000000053,1.2450280344342514e-57,25,0.6666666666666667
-3.466666666666672,2.114815858884168e-56,25,0.6666666666666667
-3.433333333333339,3.4682079341459335e-55,25,0.6666666666666667
-3.4000000000000057,5.491484531969737e-54,25,0.6666666666666667
-3.3666666666666725,8.395378720869996e-53,25,0.6666666666666667
-3.3333333333333393,1.2392858315403847e-51,25,0.6666666666666667
-3.300000000000006,1.766440969999847e-50,25,0.6666666666666667
-3.266666666666673,2.431308618795034e-49,25,0.6666666666666667
-3.2333333333333396,3.231561118406888e-48,25,0.6666666666666667
-3.2000000000000064,4.14796615306778e-47,25,0.6666666666666667
-3.166666666666673,5.14196466137282e-46,25,0.6666666666666667
-3.13333333333334,6.156245031674197e-45,25,0.6666666666666667
-3.1000000000000068,7.118999279637265e-44,25,0.6666666666666667
-3.0666666666666735,7.95175672228029e-43,25,0.6666666666666667
-3.0333333333333403,8.57975248106303e-42,25,0.6666666666666667
-3.000000000000007,8.94297728210733e-41,25,0.6666666666666667
-2.966666666666674,9.005651539211288e-40,25,0.6666666666666667
-2.9333333333333407,8.762047977502399e-39,25,0.6666666666666667
-2.9000000000000075,8.237347923750855e-38,25,0.6666666666666667
-2.8666666666666742,7.48335563819283e-37,25,0.6666666666666667
-2.833333333333341,6.570079577878597e-36,25,0.6666666666666667
-2.800000000000008,5.575072259956216e-35,25,0.6666666666666667
-2.7666666666666746,4.572763433132457e-34,25,0.6666666666666667
-2.7333333333333414,3.62577246179257e-33,25,0.6666666666666667
-2.700000000000008,2.7794811344732494e-32,25,0.6666666666666667
-2.666666666666675,2.0602444692302654e-31,25,0.6666666666666667
-2.6333333333333417,1.4767904087162417e-30,25,0.6666666666666667
-2.6000000000000085,1.0238118362965548e-29,25,0.6666666666666667
-2.5666666666666753,6.865649798842122e-29,25,0.6666666666666667
-2.533333333333342,4.454156079033515e-28,25,0.6666666666666667
-2.500000000000009,2.795996721472708e-27,25,0.6666666666666667
-2.4666666666666757,1.698492550390804e-26,25,0.6666666666666667
-2.4333333333333425,9.98660629987181e-26,25,0.6666666666666667
-2.4000000000000092,5.684264711999175e-25,25,0.6666666666666667
-2.366666666666676,3.1326423757859962e-24,25,0.6666666666666667
-2.333333333333343,1.6718945484276608e-23,25,0.6666666666666667
-2.3000000000000096,8.642774329316746e-23,25,0.6666666666666667
-2.2666666666666764,4.328442756246386e-22,25,0.6666666666666667
-2.233333333333343,2.100562697031141e-21,25,0.6666666666666667
-2.20000000000001,9.880059448681177e-21,25,0.6666666666666667
-2.1666666666666767,4.505064731412348e-20,25,0.6666666666666667
-2.1333333333333435,1.9918690673659747e-19,25,0.6666666666666667
-2.1000000000000103,8.5416641682221065e-19,25,0.6666666666666667
-2.066666666666677,3.5534702584861426e-18,25,0.6666666666666667
-2.033333333333344,1.4345002126580347e-17,25,0.6666666666666667
-2.0000000000000107,5.620799623119843e-17,25,0.6666666666666667
-1.9666666666666774,2.1382542791743297e-16,25,0.6666666666666667
-1.9333333333333442,7.899521148295698e-16,25,0.6666666666666667
-1.900000000000011,2.834919712410949e-15,25,0.6666666666666667
-1.8666666666666778,9.8855205155364e-15,25,0.6666666666666667
-1.8333333333333446,3.350416972364042e-14,25,0.6666666666666667
-1.8000000000000114,1.1039815202485136e-13,25,0.6666666666666667
-1.7666666666666782,3.5376310579243313e-13,25,0.6666666666666667
-1.733333333333345,1.102747432446723e-12,25,0.6666666666666667
-1.7000000000000117,3.3448597477224396e-12,25,0.6666666666666667
-1.6666666666666785,9.875155786162282e-12,25,0.6666666666666667
-1.6333333333333453,2.8385727432266517e-11,25,0.6666666666666667
-1.600000000000012,7.946422362048058e-11,25,0.6666666666666667
-1.5666666666666789,2.1671232775341324e-10,25,0.6666666666666667
-1.5333333333333456,5.75916611494262e-10,25,0.6666666666666667
-1.5000000000000124,1.491837618308442e-09,25,0.6666666666666667
-1.4666666666666792,3.767809805992945e-09,25,0.6666666666666667
-1.433333333333346,9.280641597924166e-09,25,0.6666666666666667
-1.4000000000000128,2.2299761949005107e-08,25,0.6666666666666667
-1.3666666666666796,5.228308237772802e-08,25,0.6666666666666667
-1.3333333333333464,1.196350797000994e-07,25,0.6666666666666667
-1.3000000000000131,2.672267969444732e-07,25,0.6666666666666667
-1.26666666666668,5.827750913490071e-07,25,0.6666666666666667
-1.2333333333333467,1.2410297766069197e-06,25,0.6666666666666667
-1.2000000000000135,2.580878128544455e-06,25,0.6666666666666667
-1.1666666666666803,5.241818486734413e-06,25,0.6666666666666667
-1.133333333333347,1.0397547594343985e-05,25,0.6666666666666667
-1.1000000000000139,2.0141859940808658e-05,25,0.6666666666666667
-1.0666666666666806,3.81025591697546e-05,25,0.6666666666666667
-1.0333333333333474,7.037914710031572e-05,25,0.6666666666666667
-1.0000000000000142,0.00012691271542386739,25,0.6666666666666667
-0.966666666666681,0.00022339062741574508,25,0.6666666666666667
-0.9333333333333478,0.0003837497732202625,25,0.6666666666666667
-0.9000000000000146,0.0006432557883378113,25,0.6666666666666667
-0.8666666666666814,0.0010519933163464885,25,0.6666666666666667
-0.8333333333333481,0.0016784113083614025,25,0.6666666666666667
-0.8000000000000149,0.00261235906512995,25,0.6666666666666667
-0.7666666666666817,0.003966882527535143,25,0.6666666666666667
-0.7333333333333485,0.005878004038967152,25,0.6666666666666667
-0.7000000000000153,0.008501853572660775,25,0.6666666666666667
-0.6666666666666821,0.012008883263167033,25,0.6666666666666667
-0.6333333333333488,0.016575433138117945,25,0.6666666666666667
-0.6000000000000156,0.0223734970889578,25,0.6666666666666667
-0.5666666666666824,0.0295599916665007,25,0.6666666666666667
-0.5333333333333492,0.038267004321332766,25,0.6666666666666667
-0.500000000000016,0.048594328163530535,25,0.6666666666666667
-0.4666666666666828,0.06060513048351045,25,0.6666666666666667
-0.43333333333334956,0.07432499873366065,25,0.6666666666666667
-0.40000000000001634,0.0897440355802922,25,0.6666666666666667
-0.3666666666666831,0.10682126977472185,25,0.6666666666666667
-0.3333333333333499,0.12549047042618539,25,0.6666666666666667
-0.3000000000000167,0.1456664794278728,25,0.6666666666666667
-0.2666666666666835,0.16725134390182428,25,0.6666666666666667
-0.23333333333335027,0.19013975952152945,25,0.6666666666666667
-0.20000000000001705,0.21422355884751054,25,0.6666666666666667
-0.16666666666668384,0.23939516442987777,25,0.6666666666666667
-0.13333333333335062,0.265550046565335,25,0.6666666666666667
-0.10000000000001741,0.29258830128831254,25,0.6666666666666667
-0.0666666666666842,0.32041548321421676,25,0.6666666666666667
-0.03333333333335098,0.3489428151993122,25,0.6666666666666667
-1.7763568394002505e-14,0.3780868794343371,25,0.6666666666666667
0.03333333333331545,0.4077687678650715,25,0.6666666666666667
0.06666666666664867,0.4379126919696632,25,0.6666666666666667
0.09999999999998188,0.46844359714626016,25,0.6666666666666667
0.1333333333333151,0.49928339654129333,25,0.6666666666666667
0.1666666666666483,0.5303438875223252,25,0.6666666666666667
0.19999999999998153,0.561513830609298,25,0.6666666666666667
0.23333333333331474,0.5926319887745727,25,0.6666666666666667
0.26666666666664796,0.623431222965768,25,0.6666666666666667
0.29999999999998117,0.6534142222982477,25,0.6666666666666667
0.3333333333333144,0.6815768478687713,25,0.6666666666666667
0.3666666666666476,0.7057882856398208,25,0.6666666666666667
0.3999999999999808,0.7214892681754705,25,0.6666666666666667
0.43333333333331403,0.7194684599214466,25,0.6666666666666667
0.46666666666664725,0.6842851209032701,25,0.6666666666666667
0.49999999999998046,0.5999137030013254,25,0.6666666666666667
0.5333333333333137,0.4676561656406906,25,0.6666666666666667
0.5666666666666469,0.31783945984608136,25,0.6666666666666667
0.5999999999999801,0.19014698744766712,25,0.6666666666666667
0.6333333333333133,0.10377764907858904,25,0.6666666666666667
0.6666666666666465,0.05408152733612636,25,0.6666666666666667
0.6999999999999797,0.027981297008795356,25,0.6666666666666667
0.733333333333313,0.014730635667773724,25,0.6666666666666667
0.7666666666666462,0.007965325729001304,25,0.6666666666666667
0.7999999999999794,0.0044150663468254326,25,0.6666666666666667
0.8333333333333126,0.002488563053298069,25,0.6666666666666667
0.8666666666666458,0.0014132069801096028,25,0.6666666666666667
0.899999999999979,0.0008020927807571714,25,0.6666666666666667
0.9333333333333123,0.00045224341885284825,25,0.6666666666666667
0.9666666666666455,0.000252213926944762,25,0.6666666666666667
0.9999999999999787,0.00013870280459631559,25,0.6666666666666667
1.033333333333312,7.505208955716919e-05,25,0.6666666666666667
1.0666666666666451,3.989247189371328e-05,25,0.6666666666666667
1.0999999999999783,2.080298718973038e-05,25,0.6666666666666667
1.1333333333333115,1.0632573808459577e-05,25,0.6666666666666667
1.1666666666666448,5.322092943486905e-06,25,0.6666666666666667
1.199999999999978,2.6071795730299834e-06,25,0.6666666666666667
1.2333333333333112,1.2492839809101138e-06,25,0.6666666666666667
1.2666666666666444,5.852527618040803e-07,25,0.6666666666666667
1.2999999999999776,2.6793716057323084e-07,25,0.6666666666666667
1.3333333333333108,1.198293437155298e-07,25,0.6666666666666667
1.366666666666644,5.23336868718488e-08,25,0.6666666666666667
1.3999999999999773,2.2312301576804173e-08,25,0.6666666666666667
1.4333333333333105,9.283593461839558e-09,25,0.6666666666666667
1.4666666666666437,3.7684690513510176e-09,25,0.6666666666666667
1.499999999999977,1.491977116509424e-09,25,0.6666666666666667
1.5333333333333101,5.759445436878188e-10,25,0.6666666666666667
1.5666666666666433,2.167176136253564e-10,25,0.6666666666666667
1.5999999999999766,7.94651678622997e-11,25,0.6666666666666667
1.6333333333333098,2.8385886472610827e-11,25,0.6666666666666667
1.666666666666643,9.875181016119845e-12,25,0.6666666666666667
1.6999999999999762,3.3448635135951128e-12,25,0.6666666666666667
1.7333333333333094,1.1027479608164111e-12,25,0.6666666666666667
1.7666666666666426,3.537631754143503e-13,25,0.6666666666666667
1.7999999999999758,1.1039816063345661e-13,25,0.6666666666666667
1.833333333333309,3.350417072173841e-14,25,0.6666666666666667
1.8666666666666423,9.885520623973868e-15,25,0.6666666666666667
1.8999999999999755,2.8349197234446104e-15,25,0.6666666666666667
1.9333333333333087,7.89952115880759e-16,25,0.6666666666666667
1.966666666666642,2.1382542801125057e-16,25,0.6666666666666667
1.9999999999999751,5.620799623906572e-17,25,0.6666666666666667
2.0333333333333083,1.4345002127207356e-17,25,0.6666666666666667
2.0666666666666416,3.553470258535529e-18,25,0.6666666666666667
2.0999999999999748,8.541664168265133e-19,25,0.6666666666666667
2.133333333333308,1.9918690673709932e-19,25,0.6666666666666667
2.166666666666641,4.505064731420683e-20,25,0.6666666666666667
2.1999999999999744,9.88005944869795e-21,25,0.6666666666666667
2.2333333333333076,2.1005626970346754e-21,25,0.6666666666666667
2.266666666666641,4.328442756253768e-22,25,0.6666666666666667
2.299999999999974,8.642774329331737e-23,25,0.6666666666666667
2.3333333333333073,1.671894548430617e-23,25,0.6666666666666667
2.3666666666666405,3.1326423757916386e-24,25,0.6666666666666667
2.3999999999999737,5.684264712009614e-25,25,0.6666666666666667
2.433333333333307,9.986606299890497e-26,25,0.6666666666666667
2.46666666666664,1.6984925503940387e-26,25,0.6666666666666667
2.4999999999999734,2.7959967214781356e-27,25,0.6666666666666667
2.5333333333333066,4.454156079042317e-28,25,0.6666666666666667
2.56666666666664,6.865649798855922e-29,25,0.6666666666666667
2.599999999999973,1.0238118362986524e-29,25,0.6666666666666667
2.633333333333306,1.4767904087193169e-30,25,0.6666666666666667
2.6666666666666394,2.0602444692346335e-31,25,0.6666666666666667
2.6999999999999726,2.779481134479236e-32,25,0.6666666666666667
2.733333333333306,3.6257724618005086e-33,25,0.6666666666666667
2.766666666666639,4.572763433142626e-34,25,0.6666666666666667
2.7999999999999723,5.575072259968837e-35,25,0.6666666666666667
2.8333333333333055,6.570079577893707e-36,25,0.6666666666666667
2.8666666666666387,7.483355638210319e-37,25,0.6666666666666667
2.899999999999972,8.237347923770446e-38,25,0.6666666666666667
2.933333333333305,8.762047977523477e-39,25,0.6666666666666667
2.9666666666666384,9.005651539233324e-40,25,0.6666666666666667
2.9999999999999716,8.942977282129481e-41,25,0.6666666666666667
3.033333333333305,8.579752481084612e-42,25,0.6666666666666667
3.066666666666638,7.95175672230062e-43,25,0.6666666666666667
3.0999999999999712,7.118999279655682e-44,25,0.6666666666666667
3.1333333333333044,6.156245031690367e-45,25,0.6666666666666667
3.1666666666666377,5.141964661386541e-46,25,0.6666666666666667
3.199999999999971,4.1479661530789726e-47,25,0.6666666666666667
3.233333333333304,3.2315611184157365e-48,25,0.6666666666666667
3.2666666666666373,2.4313086188017928e-49,25,0.6666666666666667
3.2999999999999705,1.7664409700048062e-50,25,0.6666666666666667
3.3333333333333037,1.2392858315439181e-51,25,0.6666666666666667
3.366666666666637,8.395378720894167e-53,25,0.6666666666666667
3.39999999999997,5.491484531985843e-54,25,0.6666666666666667
3.4333333333333034,3.468207934156208e-55,25,0.6666666666666667
3.4666666666666366,2.114815858890494e-56,25,0.6666666666666667
3.49999999999997,1.2450280344380283e-57,25,0.6666666666666667
3.533333333333303,7.076406238985434e-59,25,0.6666666666666667
3.5666666666666362,3.8829530413741083e-60,25,0.6666666666666667
3.5999999999999694,2.0569167602461313e-61,25,0.6666666666666667
3.6333333333333027,1.0518810397425734e-62,25,0.6666666666666667
3.666666666666636,5.1928126398229303e-64,25,0.6666666666666667
3.699999999999969,2.4746637075269636e-65,25,0.6666666666666667
3.7333333333333023,1.1384113009786856e-66,25,0.6666666666666667
3.7666666666666355,5.0552679260379566e-68,25,0.6666666666666667
3.7999999999999687,2.1669262184521987e-69,25,0.6666666666666667
3.833333333333302,8.965871313854709e-71,25,0.6666666666666667
3.866666666666635,3.580825923222405e-72,25,0.6666666666666667
3.8999999999999684,1.3804178173410404e-73,25,0.6666666666666667
3.9333333333333016,5.136522956097464e-75,25,0.6666666666666667
3.966666666666635,1.84482122914167e-76,25,0.6666666666666667
3.999999999999968,6.395302608935647e-78,25,0.6666666666666667
4.033333333333301,2.1398599918245633e-79,25,0.6666666666666667
4.0666666666666345,6.910716061448543e-81,25,0.6666666666666667
4.099999999999968,2.154122635151846e-82,25,0.6666666666666667
4.133333333333301,6.480730914350582e-84,25,0.6666666666666667
4.166666666666634,1.8818304368958298e-85,25,0.6666666666666667
4.199999999999967,5.273960649169932e-87,25,0.6666666666666667
4.2333333333333005,1.4265610054296224e-88,25,0.6666666666666667
4.266666666666634,3.7242449773465528e-90,25,0.6666666666666667
4.299999999999967,9.383786160365642e-92,25,0.6666666666666667
4.3333333333333,2.281957972412911e-93,25,0.6666666666666667
4.366666666666633,5.3558045777724276e-95,25,0.6666666666666667
4.399999999999967,1.2131858972655428e-96,25,0.6666666666666667
4.4333333333333,2.6522452457859476e-98,25,0.6666666666666667
4.466666666666633,5.596054977883934e-100,25,0.6666666666666667
4.499999999999966,1.1395427462977274e-101,25,0.6666666666666667
4.5333333333332995,2.239536391247324e-103,25,0.6666666666666667
4.566666666666633,4.247790433728685e-105,25,0.6666666666666667
4.599999999999966,7.775784101599912e-107,25,0.6666666666666667
4.633333333333299,1.3737263956664703e-108,25,0.6666666666666667
4.666666666666632,2.3422330220272132e-110,25,0.6666666666666667
4.6999999999999655,3.8541863507352357e-112,25,0.6666666666666667
4.733333333333299,6.1207845058759214e-114,25,0.6666666666666667
4.766666666666632,9.381068914808338e-116,25,0.6666666666666667
4.799999999999965,1.3876104670594257e-117,25,0.6666666666666667
4.833333333333298,1.9808519531367574e-119,25,0.6666666666666667
4.866666666666632,2.729008820248792e-121,25,0.6666666666666667
4.899999999999965,3.628487590068586e-123,25,0.6666666666666667
4.933333333333298,4.6560054974443337e-125,25,0.6666666666666667
4.966666666666631,5.765910124100781e-127,25,0.6666666666666667
4.9999999999999645,6.891104507905578e-129,25,0.6666666666666667
-5.0,3.4857361170027075e-129,26,0.6933333333333334
-4.966666666666667,2.3280067233397948e-125,26,0.6933333333333334
-4.933333333333334,1.8145320512330394e-123,26,0.6933333333333334
-4.9,1.3647372103886082e-121,26,0.6933333333333334
-4.866666666666667,9.906074009433766e-120,26,0.6933333333333334
-4.833333333333334,6.93941683967589e-118,26,0.6933333333333334
-4.800000000000001,4.691524883359801e-116,26,0.6933333333333334
-4.7666666666666675,3.0610860581579175e-114,26,0.6933333333333334
-4.733333333333334,1.9275622288048652e-112,26,0.6933333333333334
-4.700000000000001,1.1714225502337729e-110,26,0.6933333333333334
-4.666666666666668,6.870559071478032e-109,26,0.6933333333333334
-4.633333333333335,3.889063167294276e-107,26,0.6933333333333334
-4.600000000000001,2.1245820800531762e-105,26,0.6933333333333334
-4.566666666666668,1.120156984824029e-103,26,0.6933333333333334
-4.533333333333335,5.699837626681845e-102,26,0.6933333333333334
-4.500000000000002,2.799147257126049e-100,26,0.6933333333333334
-4.466666666666669,1.326692394260692e-98,26,0.6933333333333334
-4.433333333333335,6.068727513791987e-97,26,0.6933333333333334
-4.400000000000002,2.679228411498368e-95,26,0.6933333333333334
-4.366666666666669,1.1415855791505456e-93,26,0.6933333333333334
-4.333333333333336,4.694570982453156e-92,26,0.6933333333333334
-4.3000000000000025,1.8632634676522253e-90,26,0.6933333333333334
-4.266666666666669,7.137496920200695e-89,26,0.6933333333333334
-4.233333333333336,2.638842447063511e-87,26,0.6933333333333334
-4.200000000000003,9.416284989470689e-86,26,0.6933333333333334
-4.16666666666667,3.243002437487704e-84,26,0.6933333333333334
-4.133333333333336,1.0780022327903557e-82,26,0.6933333333333334
-4.100000000000003,3.4585983961687566e-81,26,0.6933333333333334
-4.06666666666667,1.0710070572259592e-79,26,0.6933333333333334
-4.033333333333337,3.201106662486988e-78,26,0.6933333333333334
-4.0000000000000036,9.23480544563464e-77,26,0.6933333333333334
-3.9666666666666703,2.571459129344131e-75,26,0.6933333333333334
-3.933333333333337,6.911313192826734e-74,26,0.6933333333333334
-3.900000000000004,1.7929812230830803e-72,26,0.6933333333333334
-3.8666666666666707,4.4898377459987324e-71,26,0.6933333333333334
-3.8333333333333375,1.0852535221840368e-69,26,0.6933333333333334
-3.8000000000000043,2.532116898667475e-68,26,0.6933333333333334
-3.766666666666671,5.702891135966862e-67,26,0.6933333333333334
-3.733333333333338,1.2398594877224788e-65,26,0.6933333333333334
-3.7000000000000046,2.6020983764079887e-64,26,0.6933333333333334
-3.6666666666666714,5.271778517233705e-63,26,0.6933333333333334
-3.633333333333338,1.0310547864397346e-61,26,0.6933333333333334
-3.600000000000005,1.9467359258796983e-60,26,0.6933333333333334
-3.5666666666666718,3.548487703283036e-59,26,0.6933333333333334
-3.5333333333333385,6.244554937378067e-58,26,0.6933333333333334
-3.5000000000000053,1.060946132561566e-56,26,0.6933333333333334
-3.466666666666672,1.740329107245138e-55,26,0.6933333333333334
-3.433333333333339,2.75631634527929e-54,26,0.6933333333333334
-3.4000000000000057,4.215030400105728e-53,26,0.6933333333333334
-3.3666666666666725,6.2238865803617725e-52,26,0.6933333333333334
-3.3333333333333393,8.874181743603585e-51,26,0.6933333333333334
-3.300000000000006,1.221850738555219e-49,26,0.6933333333333334
-3.266666666666673,1.6246127640534432e-48,26,0.6933333333333334
-3.2333333333333396,2.086139619627865e-47,26,0.6933333333333334
-3.2000000000000064,2.587140136278444e-46,26,0.6933333333333334
-3.166666666666673,3.0988623466024374e-45,26,0.6933333333333334
-3.13333333333334,3.585209463125497e-44,26,0.6933333333333334
-3.1000000000000068,4.006659586298516e-43,26,0.6933333333333334
-3.0666666666666735,4.325471236929702e-42,26,0.6933333333333334
-3.0333333333333403,4.5112474246650664e-41,26,0.6933333333333334
-3.000000000000007,4.5457245320109596e-40,26,0.6933333333333334
-2.966666666666674,4.425738875161736e-39,26,0.6933333333333334
-2.9333333333333407,4.163702219571484e-38,26,0.6933333333333334
-2.9000000000000075,3.785488058983927e-37,26,0.6933333333333334
-2.8666666666666742,3.3262265285580525e-36,26,0.6933333333333334
-2.833333333333341,2.824952908169072e-35,26,0.6933333333333334
-2.800000000000008,2.3192321144556213e-34,26,0.6933333333333334
-2.7666666666666746,1.840761592196066e-33,26,0.6933333333333334
-2.7333333333333414,1.412604384402287e-32,26,0.6933333333333334
-2.700000000000008,1.0482510969240955e-31,26,0.6933333333333334
-2.666666666666675,7.522926100304872e-31,26,0.6933333333333334
-2.6333333333333417,5.222071404944288e-30,26,0.6933333333333334
-2.6000000000000085,3.506664419856873e-29,26,0.6933333333333334
-2.5666666666666753,2.278268631331585e-28,26,0.6933333333333334
-2.533333333333342,1.4323266097305647e-27,26,0.6933333333333334
-2.500000000000009,8.715170555905696e-27,26,0.6933333333333334
-2.4666666666666757,5.1331029860095404e-26,26,0.6933333333333334
-2.4333333333333425,2.927056983519128e-25,26,0.6933333333333334
-2.4000000000000092,1.6162542193923572e-24,26,0.6933333333333334
-2.366666666666676,8.643685977738263e-24,26,0.6933333333333334
-2.333333333333343,4.478019283447673e-23,26,0.6933333333333334
-2.3000000000000096,2.247816105544576e-22,26,0.6933333333333334
-2.2666666666666764,1.0934952201621542e-21,26,0.6933333333333334
-2.233333333333343,5.156451862152908e-21,26,0.6933333333333334
-2.20000000000001,2.357560500557731e-20,26,0.6933333333333334
-2.1666666666666767,1.0453348309263933e-19,26,0.6933333333333334
-2.1333333333333435,4.49608532068167e-19,26,0.6933333333333334
-2.1000000000000103,1.87632858261137e-18,26,0.6933333333333334
-2.066666666666677,7.59958427170128e-18,26,0.6933333333333334
-2.033333333333344,2.988073324484229e-17,26,0.6933333333333334
-2.0000000000000107,1.1408521502200665e-16,26,0.6933333333333334
-1.9666666666666774,4.23080055530384e-16,26,0.6933333333333334
-1.9333333333333442,1.5243725701641895e-15,26,0.6933333333333334
-1.900000000000011,5.337736315182966e-15,26,0.6933333333333334
-1.8666666666666778,1.816954471802546e-14,26,0.6933333333333334
-1.8333333333333446,6.014183627019146e-14,26,0.6933333333333334
-1.8000000000000114,1.9363363775801195e-13,26,0.6933333333333334
-1.7666666666666782,6.065727922355465e-13,26,0.6933333333333334
-1.733333333333345,1.849311426755224e-12,26,0.6933333333333334
-1.7000000000000117,5.488951609285242e-12,26,0.6933333333333334
-1.6666666666666785,1.5865293589835566e-11,26,0.6933333333333334
-1.6333333333333453,4.4669689702078024e-11,26,0.6933333333333334
-1.600000000000012,1.2254902758360818e-10,26,0.6933333333333334
-1.5666666666666789,3.276904174922982e-10,26,0.6933333333333334
-1.5333333333333456,8.542749725952045e-10,26,0.6933333333333334
-1.5000000000000124,2.1718632059706614e-09,26,0.6933333333333334
-1.4666666666666792,5.386239591335358e-09,26,0.6933333333333334
-1.433333333333346,1.3033785780882427e-08,26,0.6933333333333334
-1.4000000000000128,3.078186145834801e-08,26,0.6933333333333334
-1.3666666666666796,7.096741806149767e-08,26,0.6933333333333334
-1.3333333333333464,1.5975492592577256e-07,26,0.6933333333333334
-1.3000000000000131,3.512050204617023e-07,26,0.6933333333333334
-1.26666666666668,7.541279930267474e-07,26,0.6933333333333334
-1.2333333333333467,1.5818253456857096e-06,26,0.6933333333333334
-1.2000000000000135,3.2414189443694378e-06,26,0.6933333333333334
-1.1666666666666803,6.489192571831408e-06,26,0.6933333333333334
-1.133333333333347,1.269176357019937e-05,26,0.6933333333333334
-1.1000000000000139,2.4249784642845432e-05,26,0.6933333333333334
-1.0666666666666806,4.525959401459725e-05,26,0.6933333333333334
-1.0333333333333474,8.25047062903468e-05,26,0.6933333333333334
-1.0000000000000142,0.00014687589722841627,26,0.6933333333333334
-0.966666666666681,0.00025530501291184287,26,0.6933333333333334
-0.9333333333333478,0.0004332504329494156,26,0.6933333333333334
-0.9000000000000146,0.0007176796595735372,26,0.6933333333333334
-0.8666666666666814,0.0011603528910474458,26,0.6933333333333334
-0.8333333333333481,0.0018310326447487132,26,0.6933333333333334
-0.8000000000000149,0.002820063099454827,26,0.6933333333333334
-0.7666666666666817,0.004239636249729162,26,0.6933333333333334
-0.7333333333333485,0.006223058978661219,26,0.6933333333333334
-0.7000000000000153,0.00892151118191784,26,0.6933333333333334
-0.6666666666666821,0.012498150661480308,26,0.6933333333333334
-0.6333333333333488,0.01711991815711017,26,0.6933333333333334
-0.6000000000000156,0.022947902777587847,26,0.6933333333333334
-0.5666666666666824,0.030127492655597422,26,0.6933333333333334
-0.5333333333333492,0.038779636790547356,26,0.6933333333333334
-0.500000000000016,0.04899434375818273,26,0.6933333333333334
-0.4666666666666828,0.06082710410717684,26,0.6933333333333334
-0.43333333333334956,0.07429838101563865,26,0.6933333333333334
-0.40000000000001634,0.0893958186062862,26,0.6933333333333334
-0.3666666666666831,0.10607847975412908,26,0.6933333333333334
-0.3333333333333499,0.12428228669077193,26,0.6933333333333334
-0.3000000000000167,0.14392587639016863,26,0.6933333333333334
-0.2666666666666835,0.1649162384903023,26,0.6933333333333334
-0.23333333333335027,0.18715370714900212,26,0.6933333333333334
-0.20000000000001705,0.210536078655403,26,0.6933333333333334
-0.16666666666668384,0.23496178389331102,26,0.6933333333333334
-0.13333333333335062,0.26033215899942075,26,0.6933333333333334
-0.10000000000001741,0.2865529139592662,26,0.6933333333333334
-0.0666666666666842,0.31353492339812417,26,0.6933333333333334
-0.03333333333335098,0.34119446002087794,26,0.6933333333333334
-1.7763568394002505e-14,0.3694529355787964,26,0.6933333333333334
0.03333333333331545,0.3982362182244557,26,0.6933333333333334
0.06666666666664867,0.42747337537344,26,0.6933333333333334
0.09999999999998188,0.4570947674007396,26,0.6933333333333334
0.1333333333333151,0.48702869526929965,26,0.6933333333333334
0.1666666666666483,0.5171958391945523,26,0.6933333333333334
0.19999999999998153,0.5474983311311264,26,0.6933333333333334
0.23333333333331474,0.5777987852269199,26,0.6933333333333334
0.26666666666664796,0.6078756111798664,26,0.6933333333333334
0.29999999999998117,0.6373279334608423,26,0.6933333333333334
0.3333333333333144,0.6653638623200796,26,0.6933333333333334
0.3666666666666476,0.6903331051137916,26,0.6933333333333334
0.3999999999999808,0.7087288206455655,26,0.6933333333333334
0.43333333333331403,0.7133473220199249,26,0.6933333333333334
0.46666666666664725,0.6912387642159812,26,0.6933333333333334
0.49999999999998046,0.6258794107575503,26,0.6933333333333334
0.5333333333333137,0.5106514871864061,26,0.6933333333333334
0.5666666666666469,0.3654108590294448,26,0.6933333333333334
0.5999999999999801,0.22885897881972922,26,0.6933333333333334
0.6333333333333133,0.12876047043917976,26,0.6933333333333334
0.6666666666666465,0.06787684253688907,26,0.6933333333333334
0.6999999999999797,0.03494764549631634,26,0.6933333333333334
0.733333333333313,0.018117212682563395,26,0.6933333333333334
0.7666666666666462,0.00961235077056554,26,0.6933333333333334
0.7999999999999794,0.005238395084729456,26,0.6933333333333334
0.8333333333333126,0.0029176357948431657,26,0.6933333333333334
0.8666666666666458,0.0016464378356758798,26,0.6933333333333334
0.899999999999979,0.0009330837254529725,26,0.6933333333333334
0.9333333333333123,0.0005272693020437662,26,0.6933333333333334
0.9666666666666455,0.0002955101688529605,26,0.6933333333333334
0.9999999999999787,0.0001636446040607252,26,0.6933333333333334
1.033333333333312,8.930116765675226e-05,26,0.6933333333333334
1.0666666666666451,4.792857838382396e-05,26,0.6933333333333334
1.0999999999999783,2.526281852262403e-05,26,0.6933333333333334
1.1333333333333115,1.3062620954529186e-05,26,0.6933333333333334
1.1666666666666448,6.619897941592873e-06,26,0.6933333333333334
1.199999999999978,3.2856938149910764e-06,26,0.6933333333333334
1.2333333333333112,1.596217458389938e-06,26,0.6933333333333334
1.2666666666666444,7.586108685257008e-07,26,0.6933333333333334
1.2999999999999776,3.5254111839214977e-07,26,0.6933333333333334
1.3333333333333108,1.6013543753284126e-07,26,0.6933333333333334
1.366666666666644,7.107082541841354e-08,26,0.6933333333333334
1.3999999999999773,3.080864069737012e-08,26,0.6933333333333334
1.4333333333333105,1.3040385410805083e-08,26,0.6933333333333334
1.4666666666666437,5.387785305966313e-09,26,0.6933333333333334
1.499999999999977,2.1722068002933477e-09,26,0.6933333333333334
1.5333333333333101,8.54347365503196e-10,26,0.6933333333333334
1.5666666666666433,3.2770485584013874e-10,26,0.6933333333333334
1.5999999999999766,1.2255175005821578e-10,26,0.6933333333333334
1.6333333333333098,4.467017444045321e-11,26,0.6933333333333334
1.666666666666643,1.5865374993261885e-11,26,0.6933333333333334
1.6999999999999762,5.488964488487389e-12,26,0.6933333333333334
1.7333333333333094,1.8493133445069442e-12,26,0.6933333333333334
1.7666666666666426,6.065730607251747e-13,26,0.6933333333333334
1.7999999999999758,1.9363367306806917e-13,26,0.6933333333333334
1.833333333333309,6.014184062871767e-14,26,0.6933333333333334
1.8666666666666423,1.8169545222591736e-14,26,0.6933333333333334
1.8999999999999755,5.337736369927333e-15,26,0.6933333333333334
1.9333333333333087,1.5243725757279321e-15,26,0.6933333333333334
1.966666666666642,4.2308005605991253e-16,26,0.6933333333333334
1.9999999999999751,1.1408521506922897e-16,26,0.6933333333333334
2.0333333333333083,2.988073324880062e-17,26,0.6933333333333334
2.0666666666666416,7.599584272016935e-18,26,0.6933333333333334
2.0999999999999748,1.8763285826363142e-18,26,0.6933333333333334
2.133333333333308,4.496085320703601e-19,26,0.6933333333333334
2.166666666666641,1.0453348309289864e-19,26,0.6933333333333334
2.1999999999999744,2.3575605005620753e-20,26,0.6933333333333334
2.2333333333333076,5.156451862161663e-21,26,0.6933333333333334
2.266666666666641,1.0934952201639964e-21,26,0.6933333333333334
2.299999999999974,2.247816105548415e-22,26,0.6933333333333334
2.3333333333333073,4.4780192834554506e-23,26,0.6933333333333334
2.3666666666666405,8.643685977753565e-24,26,0.6933333333333334
2.3999999999999737,1.6162542193952719e-24,26,0.6933333333333334
2.433333333333307,2.927056983524509e-25,26,0.6933333333333334
2.46666666666664,5.1331029860191556e-26,26,0.6933333333333334
2.4999999999999734,8.71517055592231e-27,26,0.6933333333333334
2.5333333333333066,1.4323266097333474e-27,26,0.6933333333333334
2.56666666666664,2.278268631336091e-28,26,0.6933333333333334
2.599999999999973,3.5066644198639273e-29,26,0.6933333333333334
2.633333333333306,5.222071404954994e-30,26,0.6933333333333334
2.6666666666666394,7.522926100320546e-31,26,0.6933333333333334
2.6999999999999726,1.0482510969263192e-31,26,0.6933333333333334
2.733333333333306,1.412604384405331e-32,26,0.6933333333333334
2.766666666666639,1.8407615922000987e-33,26,0.6933333333333334
2.7999999999999723,2.3192321144607816e-34,26,0.6933333333333334
2.8333333333333055,2.82495290817547e-35,26,0.6933333333333334
2.8666666666666387,3.326226528565706e-36,26,0.6933333333333334
2.899999999999972,3.785488058992777e-37,26,0.6933333333333334
2.933333333333305,4.1637022195813893e-38,26,0.6933333333333334
2.9666666666666384,4.425738875172386e-39,26,0.6933333333333334
2.9999999999999716,4.545724532022085e-40,26,0.6933333333333334
3.033333333333305,4.5112474246762435e-41,26,0.6933333333333334
3.066666666666638,4.3254712369405846e-42,26,0.6933333333333334
3.0999999999999712,4.006659586308762e-43,26,0.6933333333333334
3.1333333333333044,3.5852094631347736e-44,26,0.6933333333333334
3.1666666666666377,3.0988623466105783e-45,26,0.6933333333333334
3.199999999999971,2.587140136285349e-46,26,0.6933333333333334
3.233333333333304,2.0861396196334952e-47,26,0.6933333333333334
3.2666666666666373,1.6246127640578923e-48,26,0.6933333333333334
3.2999999999999705,1.221850738558616e-49,26,0.6933333333333334
3.3333333333333037,8.874181743628501e-51,26,0.6933333333333334
3.366666666666637,6.2238865803795195e-52,26,0.6933333333333334
3.39999999999997,4.215030400117865e-53,26,0.6933333333333334
3.4333333333333034,2.756316345287374e-54,26,0.6933333333333334
3.4666666666666366,1.740329107250294e-55,26,0.6933333333333334
3.49999999999997,1.0609461325647398e-56,26,0.6933333333333334
3.533333333333303,6.244554937397012e-58,26,0.6933333333333334
3.5666666666666362,3.5484877032939475e-59,26,0.6933333333333334
3.5999999999999694,1.946735925885767e-60,26,0.6933333333333334
3.6333333333333027,1.0310547864429771e-61,26,0.6933333333333334
3.666666666666636,5.271778517250501e-63,26,0.6933333333333334
3.699999999999969,2.6020983764163587e-64,26,0.6933333333333334
3.7333333333333023,1.2398594877265009e-65,26,0.6933333333333334
3.7666666666666355,5.702891135985689e-67,26,0.6933333333333334
3.7999999999999687,2.5321168986759057e-68,26,0.6933333333333334
3.833333333333302,1.0852535221877105e-69,26,0.6933333333333334
3.866666666666635,4.489837746014059e-71,26,0.6933333333333334
3.8999999999999684,1.7929812230892513e-72,26,0.6933333333333334
3.9333333333333016,6.9113131928509105e-74,26,0.6933333333333334
3.966666666666635,2.5714591293532e-75,26,0.6933333333333334
3.999999999999968,9.234805445667473e-77,26,0.6933333333333334
4.033333333333301,3.2011066624985474e-78,26,0.6933333333333334
4.0666666666666345,1.0710070572298575e-79,26,0.6933333333333334
4.099999999999968,3.458598396181447e-81,26,0.6933333333333334
4.133333333333301,1.078002232794371e-82,26,0.6933333333333334
4.166666666666634,3.243002437499876e-84,26,0.6933333333333334
4.199999999999967,9.416284989506297e-86,26,0.6933333333333334
4.2333333333333005,2.638842447073639e-87,26,0.6933333333333334
4.266666666666634,7.137496920228295e-89,26,0.6933333333333334
4.299999999999967,1.863263467659483e-90,26,0.6933333333333334
4.3333333333333,4.694570982471707e-92,26,0.6933333333333334
4.366666666666633,1.1415855791550884e-93,26,0.6933333333333334
4.399999999999967,2.6792284115091067e-95,26,0.6933333333333334
4.4333333333333,6.068727513816656e-97,26,0.6933333333333334
4.466666666666633,1.3266923942661227e-98,26,0.6933333333333334
4.499999999999966,2.79914725713759e-100,26,0.6933333333333334
4.5333333333332995,5.699837626705501e-102,26,0.6933333333333334
4.566666666666633,1.120156984828742e-103,26,0.6933333333333334
4.599999999999966,2.1245820800621758e-105,26,0.6933333333333334
4.633333333333299,3.8890631673109695e-107,26,0.6933333333333334
4.666666666666632,6.870559071507719e-109,26,0.6933333333333334
4.6999999999999655,1.1714225502389005e-110,26,0.6933333333333334
4.733333333333299,1.9275622288133584e-112,26,0.6933333333333334
4.766666666666632,3.0610860581714903e-114,26,0.6933333333333334
4.799999999999965,4.6915248833807375e-116,26,0.6933333333333334
4.833333333333298,6.939416839707253e-118,26,0.6933333333333334
4.866666666666632,9.906074009478821e-120,26,0.6933333333333334
4.899999999999965,1.3647372103992682e-121,26,0.6933333333333334
4.933333333333298,1.814532090540498e-123,26,0.6933333333333334
4.966666666666631,2.328347303947562e-125,26,0.6933333333333334
4.9999999999999645,2.88335690068089e-127,26,0.6933333333333334
-5.0,1.4591071309254584e-127,27,0.7200000000000001
-4.966666666666667,9.072677684845781e-124,27,0.7200000000000001
-4.933333333333334,6.824850055304711e-122,27,0.7200000000000001
-4.9,4.9539442707424996e-120,27,0.7200000000000001
-4.866666666666667,3.4703907884431394e-118,27,0.7200000000000001
-4.833333333333334,2.346257745380372e-116,27,0.7200000000000001
-4.800000000000001,1.5308899999209425e-114,27,0.7200000000000001
-4.7666666666666675,9.640156906466005e-113,27,0.7200000000000001
-4.733333333333334,5.858643294197943e-111,27,0.7200000000000001
-4.700000000000001,3.4362433168534185e-109,27,0.7200000000000001
-4.666666666666668,1.945117294922255e-107,27,0.7200000000000001
-4.633333333333335,1.062634567980162e-105,27,0.7200000000000001
-4.600000000000001,5.602729455703792e-104,27,0.7200000000000001
-4.566666666666668,2.850981104380949e-102,27,0.7200000000000001
-4.533333333333335,1.4001337070554367e-100,27,0.7200000000000001
-4.500000000000002,6.636311890116802e-99,27,0.7200000000000001
-4.466666666666669,3.035763330524557e-97,27,0.7200000000000001
-4.433333333333335,1.3402775519463143e-95,27,0.7200000000000001
-4.400000000000002,5.710962259509623e-94,27,0.7200000000000001
-4.366666666666669,2.348625105432327e-92,27,0.7200000000000001
-4.333333333333336,9.322025266156879e-91,27,0.7200000000000001
-4.3000000000000025,3.5710957455915746e-89,27,0.7200000000000001
-4.266666666666669,1.3203528552655815e-87,27,0.7200000000000001
-4.233333333333336,4.711711243195445e-86,27,0.7200000000000001
-4.200000000000003,1.6228206399673838e-84,27,0.7200000000000001
-4.16666666666667,5.394719306446514e-83,27,0.7200000000000001
-4.133333333333336,1.7309206993031223e-81,27,0.7200000000000001
-4.100000000000003,5.360425297293748e-80,27,0.7200000000000001
-4.06666666666667,1.6022826304415784e-78,27,0.7200000000000001
-4.033333333333337,4.62275775810345e-77,27,0.7200000000000001
-4.0000000000000036,1.287330118003309e-75,27,0.7200000000000001
-3.9666666666666703,3.4602739991361846e-74,27,0.7200000000000001
-3.933333333333337,8.977763411062122e-73,27,0.7200000000000001
-3.900000000000004,2.2483745295957797e-71,27,0.7200000000000001
-3.8666666666666707,5.435232517035599e-70,27,0.7200000000000001
-3.8333333333333375,1.2683033682067368e-68,27,0.7200000000000001
-3.8000000000000043,2.856871835594351e-67,27,0.7200000000000001
-3.766666666666671,6.211958023105731e-66,27,0.7200000000000001
-3.733333333333338,1.3039006337719777e-64,27,0.7200000000000001
-3.7000000000000046,2.642088556055465e-63,27,0.7200000000000001
-3.6666666666666714,5.1682844240807125e-62,27,0.7200000000000001
-3.633333333333338,9.76003852198466e-61,27,0.7200000000000001
-3.600000000000005,1.7793991255737166e-59,27,0.7200000000000001
-3.5666666666666718,3.1320111483184318e-58,27,0.7200000000000001
-3.5333333333333385,5.322473101324246e-57,27,0.7200000000000001
-3.5000000000000053,8.732868310912581e-56,27,0.7200000000000001
-3.466666666666672,1.3834629033024527e-54,27,0.7200000000000001
-3.433333333333339,2.11621684558909e-53,27,0.7200000000000001
-3.4000000000000057,3.125724871907283e-52,27,0.7200000000000001
-3.3666666666666725,4.4581660238023214e-51,27,0.7200000000000001
-3.3333333333333393,6.140373125677904e-50,27,0.7200000000000001
-3.300000000000006,8.167434728985234e-49,27,0.7200000000000001
-3.266666666666673,1.0491790635067086e-47,27,0.7200000000000001
-3.2333333333333396,1.3016931319594893e-46,27,0.7200000000000001
-3.2000000000000064,1.559861871399358e-45,27,0.7200000000000001
-3.166666666666673,1.8055404322441406e-44,27,0.7200000000000001
-3.13333333333334,2.01882410488227e-43,27,0.7200000000000001
-3.1000000000000068,2.1806616657804786e-42,27,0.7200000000000001
-3.0666666666666735,2.2756570102640259e-41,27,0.7200000000000001
-3.0333333333333403,2.294489622190128e-40,27,0.7200000000000001
-3.000000000000007,2.235425674704193e-39,27,0.7200000000000001
-2.966666666666674,2.1045797324457967e-38,27,0.7200000000000001
-2.9333333333333407,1.914872723867772e-37,27,0.7200000000000001
-2.9000000000000075,1.6839317753768836e-36,27,0.7200000000000001
-2.8666666666666742,1.4314038943794555e-35,27,0.7200000000000001
-2.833333333333341,1.1762471898706008e-34,27,0.7200000000000001
-2.800000000000008,9.345055606388785e-34,27,0.7200000000000001
-2.7666666666666746,7.178983527734217e-33,27,0.7200000000000001
-2.7333333333333414,5.333293564230281e-32,27,0.7200000000000001
-2.700000000000008,3.83209326937255e-31,27,0.7200000000000001
-2.666666666666675,2.6634482573183488e-30,27,0.7200000000000001
-2.6333333333333417,1.790946840429961e-29,27,0.7200000000000001
-2.6000000000000085,1.1652446726905139e-28,27,0.7200000000000001
-2.5666666666666753,7.336966269645667e-28,27,0.7200000000000001
-2.533333333333342,4.4714987095194274e-27,27,0.7200000000000001
-2.500000000000009,2.6381678234912986e-26,27,0.7200000000000001
-2.4666666666666757,1.5071043445390926e-25,27,0.7200000000000001
-2.4333333333333425,8.337926246262264e-25,27,0.7200000000000001
-2.4000000000000092,4.468195838045088e-24,27,0.7200000000000001
-2.366666666666676,2.3198223526934545e-23,27,0.7200000000000001
-2.333333333333343,1.1671264826609793e-22,27,0.7200000000000001
-2.3000000000000096,5.691377064983154e-22,27,0.7200000000000001
-2.2666666666666764,2.6906167363536827e-21,27,0.7200000000000001
-2.233333333333343,1.2334550112869732e-20,27,0.7200000000000001
-2.20000000000001,5.484496747739611e-20,27,0.7200000000000001
-2.1666666666666767,2.3659206853687217e-19,27,0.7200000000000001
-2.1333333333333435,9.904310328520046e-19,27,0.7200000000000001
-2.1000000000000103,4.0245964018847234e-18,27,0.7200000000000001
-2.066666666666677,1.587853091372683e-17,27,0.7200000000000001
-2.033333333333344,6.084239964685396e-17,27,0.7200000000000001
-2.0000000000000107,2.2648039438761306e-16,27,0.7200000000000001
-1.9666666666666774,8.192288925930975e-16,27,0.7200000000000001
-1.9333333333333442,2.8804081853566694e-15,27,0.7200000000000001
-1.900000000000011,9.846958644094758e-15,27,0.7200000000000001
-1.8666666666666778,3.273978629268649e-14,27,0.7200000000000001
-1.8333333333333446,1.0590159123801127e-13,27,0.7200000000000001
-1.8000000000000114,3.3335731425279614e-13,27,0.7200000000000001
-1.7666666666666782,1.0214725322559414e-12,27,0.7200000000000001
-1.733333333333345,3.047762200754442e-12,27,0.7200000000000001
-1.7000000000000117,8.857302508245736e-12,27,0.7200000000000001
-1.6666666666666785,2.5079320655288582e-11,27,0.7200000000000001
-1.6333333333333453,6.920716058376857e-11,27,0.7200000000000001
-1.600000000000012,1.8618005357611097e-10,27,0.7200000000000001
-1.5666666666666789,4.884119999464529e-10,27,0.7200000000000001
-1.5333333333333456,1.249776810809558e-09,27,0.7200000000000001
-1.5000000000000124,3.1202572763089233e-09,27,0.7200000000000001
-1.4666666666666792,7.602824460394029e-09,27,0.7200000000000001
-1.433333333333346,1.8084050341139404e-08,27,0.7200000000000001
-1.4000000000000128,4.200060094789108e-08,27,0.7200000000000001
-1.3666666666666796,9.526838877723761e-08,27,0.7200000000000001
-1.3333333333333464,2.1108619559988158e-07,27,0.7200000000000001
-1.3000000000000131,4.569413508387813e-07,27,0.7200000000000001
-1.26666666666668,9.665147073084143e-07,27,0.7200000000000001
-1.2333333333333467,1.997771481080544e-06,27,0.7200000000000001
-1.2000000000000135,4.035501037268797e-06,27,0.7200000000000001
-1.1666666666666803,7.966561142471254e-06,27,0.7200000000000001
-1.133333333333347,1.5369379418851424e-05,27,0.7200000000000001
-1.1000000000000139,2.897530132240074e-05,27,0.7200000000000001
-1.0666666666666806,5.3376001671695157e-05,27,0.7200000000000001
-1.0333333333333474,9.60638408018395e-05,27,0.7200000000000001
-1.0000000000000142,0.00016889318487648327,27,0.7200000000000001
-0.966666666666681,0.00029002993840722315,27,0.7200000000000001
-0.9333333333333478,0.0004864023595538605,27,0.7200000000000001
-0.9000000000000146,0.0007965699194196084,27,0.7200000000000001
-0.8666666666666814,0.0012737886288706512,27,0.7200000000000001
-0.8333333333333481,0.0019888867278405075,27,0.7200000000000001
-0.8000000000000149,0.003032410080242161,27,0.7200000000000001
-0.7666666666666817,0.004515406297624625,27,0.7200000000000001
-0.7333333333333485,0.006568249946575687,27,0.7200000000000001
-0.7000000000000153,0.00933710935868973,27,0.7200000000000001
-0.6666666666666821,0.012978015022326593,27,0.7200000000000001
-0.6333333333333488,0.017648946225147566,27,0.7200000000000001
-0.6000000000000156,0.02350079056315241,27,0.7200000000000001
-0.5666666666666824,0.03066831898652417,27,0.7200000000000001
-0.5333333333333492,0.039262362225573694,27,0.7200000000000001
-0.500000000000016,0.04936415517597039,27,0.7200000000000001
-0.4666666666666828,0.06102240164666069,27,0.7200000000000001
-0.43333333333334956,0.07425312619868699,27,0.7200000000000001
-0.40000000000001634,0.08904195149580343,27,0.7200000000000001
-0.3666666666666831,0.10534815776836923,27,0.7200000000000001
-0.3333333333333499,0.12310977526660268,27,0.7200000000000001
-0.3000000000000167,0.14224900680399652,27,0.7200000000000001
-0.2666666666666835,0.1626774213285981,27,0.7200000000000001
-0.23333333333335027,0.18430054363329187,27,0.7200000000000001
-0.20000000000001705,0.20702163956301406,27,0.7200000000000001
-0.16666666666668384,0.23074464030867076,27,0.7200000000000001
-0.13333333333335062,0.2553762424046447,27,0.7200000000000001
-0.10000000000001741,0.28082727816257885,27,0.7200000000000001
-0.0666666666666842,0.3070134695799937,27,0.7200000000000001
-0.03333333333335098,0.3338556648049557,27,0.7200000000000001
-1.7763568394002505e-14,0.3612796539313113,27,0.7200000000000001
0.03333333333331545,0.38921555246704387,27,0.7200000000000001
0.06666666666664867,0.4175967846367137,27,0.7200000000000001
0.09999999999998188,0.44635834264885893,27,0.7200000000000001
0.1333333333333151,0.47543412135864177,27,0.7200000000000001
0.1666666666666483,0.5047520186850826,27,0.7200000000000001
0.19999999999998153,0.5342253321848266,27,0.7200000000000001
0.23333333333331474,0.5637353039403109,27,0.7200000000000001
0.26666666666664796,0.5930962676319284,27,0.7200000000000001
0.29999999999998117,0.6219804746271336,27,0.7200000000000001
0.3333333333333144,0.6497559390380007,27,0.7200000000000001
0.3666666666666476,0.6751288470963904,27,0.7200000000000001
0.3999999999999808,0.6953792924034684,27,0.7200000000000001
0.43333333333331403,0.7048808948425368,27,0.7200000000000001
0.46666666666664725,0.6930412393932937,27,0.7200000000000001
0.49999999999998046,0.6443543432590233,27,0.7200000000000001
0.5333333333333137,0.5472851230762138,27,0.7200000000000001
0.5666666666666469,0.41143293483892346,27,0.7200000000000001
0.5999999999999801,0.27047483216409585,27,0.7200000000000001
0.6333333333333133,0.15792174396503547,27,0.7200000000000001
0.6666666666666465,0.0849256421321446,27,0.7200000000000001
0.6999999999999797,0.04385283408120472,27,0.7200000000000001
0.733333333333313,0.022505786261120903,27,0.7200000000000001
0.7666666666666462,0.01173796240611073,27,0.7200000000000001
0.7999999999999794,0.0062817702204453615,27,0.7200000000000001
0.8333333333333126,0.0034473624653060626,27,0.7200000000000001
0.8666666666666458,0.001926888150826598,27,0.7200000000000001
0.899999999999979,0.0010873401177857965,27,0.7200000000000001
0.9333333333333123,0.0006144536109487284,27,0.7200000000000001
0.9666666666666455,0.0003455071997243336,27,0.7200000000000001
0.9999999999999787,0.00019242153856712652,27,0.7200000000000001
1.033333333333312,0.00010579148770383704,27,0.7200000000000001
1.0666666666666451,5.728346038739717e-05,27,0.7200000000000001
1.0999999999999783,3.049602497248851e-05,27,0.7200000000000001
1.1333333333333115,1.5941477109498643e-05,27,0.7200000000000001
1.1666666666666448,8.174189352016603e-06,27,0.7200000000000001
1.199999999999978,4.108065955019122e-06,27,0.7200000000000001
1.2333333333333112,2.022154385817068e-06,27,0.7200000000000001
1.2666666666666444,9.743797731160307e-07,27,0.7200000000000001
1.2999999999999776,4.593732629986893e-07,27,0.7200000000000001
1.3333333333333108,2.1180599575211723e-07,27,0.7200000000000001
1.366666666666644,9.547204405394289e-08,27,0.7200000000000001
1.3999999999999773,4.205560639081143e-08,27,0.7200000000000001
1.4333333333333105,1.809821318569704e-08,27,0.7200000000000001
1.4666666666666437,7.60629613861585e-09,27,0.7200000000000001
1.499999999999977,3.1210663413944186e-09,27,0.7200000000000001
1.5333333333333101,1.2499558289889615e-09,27,0.7200000000000001
1.5666666666666433,4.884495579236839e-10,27,0.7200000000000001
1.5999999999999766,1.86187515161375e-10,27,0.7200000000000001
1.6333333333333098,6.920856252869228e-11,27,0.7200000000000001
1.666666666666643,2.507956946486336e-11,27,0.7200000000000001
1.6999999999999762,8.857344168934073e-12,27,0.7200000000000001
1.7333333333333094,3.047768774612234e-12,27,0.7200000000000001
1.7666666666666426,1.0214735087881832e-12,27,0.7200000000000001
1.7999999999999758,3.3335745067701906e-13,27,0.7200000000000001
1.833333333333309,1.0590160914533789e-13,27,0.7200000000000001
1.8666666666666423,3.273978849932322e-14,27,0.7200000000000001
1.8999999999999755,9.8469588991599e-15,27,0.7200000000000001
1.9333333333333087,2.8804082129936283e-15,27,0.7200000000000001
1.966666666666642,8.19228895398581e-16,27,0.7200000000000001
1.9999999999999751,2.264803946543566e-16,27,0.7200000000000001
2.0333333333333083,6.084239967062295e-17,27,0.7200000000000001
2.0666666666666416,1.5878530915718467e-17,27,0.7200000000000001
2.0999999999999748,4.024596402043647e-18,27,0.7200000000000001
2.133333333333308,9.904310328646065e-19,27,0.7200000000000001
2.166666666666641,2.365920685379904e-19,27,0.7200000000000001
2.1999999999999744,5.484496747753016e-20,27,0.7200000000000001
2.2333333333333076,1.2334550112892375e-20,27,0.7200000000000001
2.266666666666641,2.6906167363582522e-21,27,0.7200000000000001
2.299999999999974,5.691377064992755e-22,27,0.7200000000000001
2.3333333333333073,1.1671264826629753e-22,27,0.7200000000000001
2.3666666666666405,2.3198223526974888e-23,27,0.7200000000000001
2.3999999999999737,4.468195838053008e-24,27,0.7200000000000001
2.433333333333307,8.337926246277317e-25,27,0.7200000000000001
2.46666666666664,1.5071043445418662e-25,27,0.7200000000000001
2.4999999999999734,2.638167823496245e-26,27,0.7200000000000001
2.5333333333333066,4.4714987095279595e-27,27,0.7200000000000001
2.56666666666664,7.3369662696599335e-28,27,0.7200000000000001
2.599999999999973,1.1652446726928205e-28,27,0.7200000000000001
2.633333333333306,1.7909468404335663e-29,27,0.7200000000000001
2.6666666666666394,2.6634482573238128e-30,27,0.7200000000000001
2.6999999999999726,3.8320932693805398e-31,27,0.7200000000000001
2.733333333333306,5.333293564241601e-32,27,0.7200000000000001
2.766666666666639,7.178983527749694e-33,27,0.7200000000000001
2.7999999999999723,9.345055606409267e-34,27,0.7200000000000001
2.8333333333333055,1.1762471898732193e-34,27,0.7200000000000001
2.8666666666666387,1.431403894382699e-35,27,0.7200000000000001
2.899999999999972,1.68393177538076e-36,27,0.7200000000000001
2.933333333333305,1.9148727238722505e-37,27,0.7200000000000001
2.9666666666666384,2.1045797324508052e-38,27,0.7200000000000001
2.9999999999999716,2.2354256747095742e-39,27,0.7200000000000001
3.033333333333305,2.2944896221957456e-40,27,0.7200000000000001
3.066666666666638,2.2756570102696657e-41,27,0.7200000000000001
3.0999999999999712,2.180661665785966e-42,27,0.7200000000000001
3.1333333333333044,2.0188241048874337e-43,27,0.7200000000000001
3.1666666666666377,1.8055404322488136e-44,27,0.7200000000000001
3.199999999999971,1.5598618714034565e-45,27,0.7200000000000001
3.233333333333304,1.301693131962964e-46,27,0.7200000000000001
3.2666666666666373,1.0491790635095406e-47,27,0.7200000000000001
3.2999999999999705,8.167434729007604e-49,27,0.7200000000000001
3.3333333333333037,6.140373125694977e-50,27,0.7200000000000001
3.366666666666637,4.45816602381484e-51,27,0.7200000000000001
3.39999999999997,3.1257248719161968e-52,27,0.7200000000000001
3.4333333333333034,2.1162168455951837e-53,27,0.7200000000000001
3.4666666666666366,1.3834629033065108e-54,27,0.7200000000000001
3.49999999999997,8.732868310938455e-56,27,0.7200000000000001
3.533333333333303,5.322473101340169e-57,27,0.7200000000000001
3.5666666666666362,3.132011148327935e-58,27,0.7200000000000001
3.5999999999999694,1.7793991255791887e-59,27,0.7200000000000001
3.6333333333333027,9.760038522015088e-61,27,0.7200000000000001
3.666666666666636,5.1682844240969675e-62,27,0.7200000000000001
3.699999999999969,2.642088556063883e-63,27,0.7200000000000001
3.7333333333333023,1.3039006337761722e-64,27,0.7200000000000001
3.7666666666666355,6.211958023125884e-66,27,0.7200000000000001
3.7999999999999687,2.856871835603783e-67,27,0.7200000000000001
3.833333333333302,1.2683033682109599e-68,27,0.7200000000000001
3.866666666666635,5.4352325170539986e-70,27,0.7200000000000001
3.8999999999999684,2.2483745296034552e-71,27,0.7200000000000001
3.9333333333333016,8.977763411093022e-73,27,0.7200000000000001
3.966666666666635,3.460273999148289e-74,27,0.7200000000000001
3.999999999999968,1.2873301180078493e-75,27,0.7200000000000001
4.033333333333301,4.6227577581198855e-77,27,0.7200000000000001
4.0666666666666345,1.6022826304473645e-78,27,0.7200000000000001
4.099999999999968,5.36042529731326e-80,27,0.7200000000000001
4.133333333333301,1.7309206993094734e-81,27,0.7200000000000001
4.166666666666634,5.394719306466608e-83,27,0.7200000000000001
4.199999999999967,1.6228206399734748e-84,27,0.7200000000000001
4.2333333333333005,4.711711243213263e-86,27,0.7200000000000001
4.266666666666634,1.3203528552706493e-87,27,0.7200000000000001
4.299999999999967,3.571095745605383e-89,27,0.7200000000000001
4.3333333333333,9.32202526619319e-91,27,0.7200000000000001
4.366666666666633,2.348625105441608e-92,27,0.7200000000000001
4.399999999999967,5.71096225953235e-94,27,0.7200000000000001
4.4333333333333,1.3402775519516864e-95,27,0.7200000000000001
4.466666666666633,3.035763330536897e-97,27,0.7200000000000001
4.499999999999966,6.636311890143966e-99,27,0.7200000000000001
4.5333333333332995,1.4001337070612095e-100,27,0.7200000000000001
4.566666666666633,2.8509811043927815e-102,27,0.7200000000000001
4.599999999999966,5.602729455727366e-104,27,0.7200000000000001
4.633333333333299,1.0626345679846633e-105,27,0.7200000000000001
4.666666666666632,1.945117294930604e-107,27,0.7200000000000001
4.6999999999999655,3.4362433168682664e-109,27,0.7200000000000001
4.733333333333299,5.8586432942235885e-111,27,0.7200000000000001
4.766666666666632,9.640156906508483e-113,27,0.7200000000000001
4.799999999999965,1.5308899999277306e-114,27,0.7200000000000001
4.833333333333298,2.3462577453908426e-116,27,0.7200000000000001
4.866666666666632,3.4703907884588264e-118,27,0.7200000000000001
4.899999999999965,4.953944270784681e-120,27,0.7200000000000001
4.933333333333298,6.824850225648315e-122,27,0.7200000000000001
4.966666666666631,9.07410213115283e-124,27,0.7200000000000001
4.9999999999999645,1.1643479387796312e-125,27,0.7200000000000001
-5.0,5.894695050444429e-126,28,0.7466666666666667
-4.966666666666667,3.41243232318801e-122,28,0.7466666666666667
-4.933333333333334,2.4774257692554922e-120,28,0.7466666666666667
-4.9,1.7355366367243349e-118,28,0.7466666666666667
-4.866666666666667,1.1733765699037232e-116,28,0.7466666666666667
-4.833333333333334,7.656185194998934e-115,28,0.7466666666666667
-4.800000000000001,4.821251582105693e-113,28,0.7466666666666667
-4.7666666666666675,2.930087092098932e-111,28,0.7466666666666667
-4.733333333333334,1.7186036662720325e-109,28,0.7466666666666667
-4.700000000000001,9.728515796258374e-108,28,0.7466666666666667
-4.666666666666668,5.314890961559236e-106,28,0.7466666666666667
-4.633333333333335,2.802337286499357e-104,28,0.7466666666666667
-4.600000000000001,1.4260218694744647e-102,28,0.7466666666666667
-4.566666666666668,7.003469900005036e-101,28,0.7466666666666667
-4.533333333333335,3.319581435610591e-99,28,0.7466666666666667
-4.500000000000002,1.518581732115806e-97,28,0.7466666666666667
-4.466666666666669,6.70470591567663e-96,28,0.7466666666666667
-4.433333333333335,2.856999011420074e-94,28,0.7466666666666667
-4.400000000000002,1.1749826914921367e-92,28,0.7466666666666667
-4.366666666666669,4.6638681142081945e-91,28,0.7466666666666667
-4.333333333333336,1.7867221853485035e-89,28,0.7466666666666667
-4.3000000000000025,6.606425288960986e-88,28,0.7466666666666667
-4.266666666666669,2.357641169470518e-86,28,0.7466666666666667
-4.233333333333336,8.120704964113247e-85,28,0.7466666666666667
-4.200000000000003,2.6997155088448548e-83,28,0.7466666666666667
-4.16666666666667,8.662717599715448e-82,28,0.7466666666666667
-4.133333333333336,2.682910008300097e-80,28,0.7466666666666667
-4.100000000000003,8.020067755704408e-79,28,0.7466666666666667
-4.06666666666667,2.3140590917003718e-77,28,0.7466666666666667
-4.033333333333337,6.444662003168753e-76,28,0.7466666666666667
-4.0000000000000036,1.732448378447144e-74,28,0.7466666666666667
-3.9666666666666703,4.495318356121077e-73,28,0.7466666666666667
-3.933333333333337,1.125917401797458e-71,28,0.7466666666666667
-3.900000000000004,2.7221051402233306e-70,28,0.7466666666666667
-3.8666666666666707,6.352758713681663e-69,28,0.7466666666666667
-3.8333333333333375,1.4311535340556934e-67,28,0.7466666666666667
-3.8000000000000043,3.1123205283938993e-66,28,0.7466666666666667
-3.766666666666671,6.5337875280378605e-65,28,0.7466666666666667
-3.733333333333338,1.3241502570392855e-63,28,0.7466666666666667
-3.7000000000000046,2.5906617152092162e-62,28,0.7466666666666667
-3.6666666666666714,4.893229703772607e-61,28,0.7466666666666667
-3.633333333333338,8.922837049988987e-60,28,0.7466666666666667
-3.600000000000005,1.5708855934202082e-58,28,0.7466666666666667
-3.5666666666666718,2.6701335462899917e-57,28,0.7466666666666667
-3.5333333333333385,4.3820942111978825e-56,28,0.7466666666666667
-3.5000000000000053,6.943926882018885e-55,28,0.7466666666666667
-3.466666666666672,1.0624748569500012e-53,28,0.7466666666666667
-3.433333333333339,1.5697797504701538e-52,28,0.7466666666666667
-3.4000000000000057,2.2396640961291062e-51,28,0.7466666666666667
-3.3666666666666725,3.0858151871984883e-50,28,0.7466666666666667
-3.3333333333333393,4.106008194611629e-49,28,0.7466666666666667
-3.300000000000006,5.276597183161932e-48,28,0.7466666666666667
-3.266666666666673,6.549302833442373e-47,28,0.7466666666666667
-3.2333333333333396,7.851768310172126e-46,28,0.7466666666666667
-3.2000000000000064,9.092786817818678e-45,28,0.7466666666666667
-3.166666666666673,1.0172113617981319e-43,28,0.7466666666666667
-3.13333333333334,1.09935853505146e-42,28,0.7466666666666667
-3.1000000000000068,1.1479226256564243e-41,28,0.7466666666666667
-3.0666666666666735,1.1581481194239664e-40,28,0.7466666666666667
-3.0333333333333403,1.1290911224034166e-39,28,0.7466666666666667
-3.000000000000007,1.063762314333849e-38,28,0.7466666666666667
-2.966666666666674,9.68613490307407e-38,28,0.7466666666666667
-2.9333333333333407,8.524887863506709e-37,28,0.7466666666666667
-2.9000000000000075,7.252763108090667e-36,28,0.7466666666666667
-2.8666666666666742,5.965432538121848e-35,28,0.7466666666666667
-2.833333333333341,4.744097997913365e-34,28,0.7466666666666667
-2.800000000000008,3.648304123360639e-33,28,0.7466666666666667
-2.7666666666666746,2.713372060147085e-32,28,0.7466666666666667
-2.7333333333333414,1.9519415523249462e-31,28,0.7466666666666667
-2.700000000000008,1.3583905964803257e-30,28,0.7466666666666667
-2.666666666666675,9.146338865618432e-30,28,0.7466666666666667
-2.6333333333333417,5.959395776318487e-29,28,0.7466666666666667
-2.6000000000000085,3.7580304768443313e-28,28,0.7466666666666667
-2.5666666666666753,2.2940115883942393e-27,28,0.7466666666666667
-2.533333333333342,1.3557687430938777e-26,28,0.7466666666666667
-2.500000000000009,7.759096658171435e-26,28,0.7466666666666667
-2.4666666666666757,4.300871514305697e-25,28,0.7466666666666667
-2.4333333333333425,2.3094531362494987e-24,28,0.7466666666666667
-2.4000000000000092,1.2016008075780386e-23,28,0.7466666666666667
-2.366666666666676,6.059042205207151e-23,28,0.7466666666666667
-2.333333333333343,2.96167965012625e-22,28,0.7466666666666667
-2.3000000000000096,1.4036646923098902e-21,28,0.7466666666666667
-2.2666666666666764,6.451843909684024e-21,28,0.7466666666666667
-2.233333333333343,2.8767792106874896e-20,28,0.7466666666666667
-2.20000000000001,1.2446330932487096e-19,28,0.7466666666666667
-2.1666666666666767,5.226380001647004e-19,28,0.7466666666666667
-2.1333333333333435,2.130594235210798e-18,28,0.7466666666666667
-2.1000000000000103,8.434480973289417e-18,28,0.7466666666666667
-2.066666666666677,3.2433498024369343e-17,28,0.7466666666666667
-2.033333333333344,1.2117946265066995e-16,28,0.7466666666666667
-2.0000000000000107,4.400356461199756e-16,28,0.7466666666666667
-1.9666666666666774,1.5534442898721397e-15,28,0.7466666666666667
-1.9333333333333442,5.333093768343909e-15,28,0.7466666666666667
-1.900000000000011,1.7810097239021368e-14,28,0.7466666666666667
-1.8666666666666778,5.787427494105079e-14,28,0.7466666666666667
-1.8333333333333446,1.830485502727193e-13,28,0.7466666666666667
-1.8000000000000114,5.6368706174677e-13,28,0.7466666666666667
-1.7666666666666782,1.6905597575017836e-12,28,0.7466666666666667
-1.733333333333345,4.939387520235357e-12,28,0.7466666666666667
-1.7000000000000117,1.4063541427897576e-11,28,0.7466666666666667
-1.6666666666666785,3.9032231545064915e-11,28,0.7466666666666667
-1.6333333333333453,1.0562968710889297e-10,28,0.7466666666666667
-1.600000000000012,2.788095802183594e-10,28,0.7466666666666667
-1.5666666666666789,7.179784318873787e-10,28,0.7466666666666667
-1.5333333333333456,1.804334636228196e-09,28,0.7466666666666667
-1.5000000000000124,4.426300624353594e-09,28,0.7466666666666667
-1.4666666666666792,1.060215374526479e-08,28,0.7466666666666667
-1.433333333333346,2.4801712362893045e-08,28,0.7466666666666667
-1.4000000000000128,5.66762178093819e-08,28,0.7466666666666667
-1.3666666666666796,1.2654338971522001e-07,28,0.7466666666666667
-1.3333333333333464,2.7610482986414305e-07,28,0.7466666666666667
-1.3000000000000131,5.888002735354884e-07,28,0.7466666666666667
-1.26666666666668,1.2273556595005642e-06,28,0.7466666666666667
-1.2333333333333467,2.5010048020650167e-06,28,0.7466666666666667
-1.2000000000000135,4.98215441677479e-06,28,0.7466666666666667
-1.1666666666666803,9.702396241549092e-06,28,0.7466666666666667
-1.133333333333347,1.8470776012037938e-05,28,0.7466666666666667
-1.1000000000000139,3.437216798932714e-05,28,0.7466666666666667
-1.0666666666666806,6.251789332343554e-05,28,0.7466666666666667
-1.0333333333333474,0.00011112945809202056,28,0.7466666666666667
-1.0000000000000142,0.00019303191178379872,28,0.7466666666666667
-0.966666666666681,0.0003276061597456755,28,0.7466666666666667
-0.9333333333333478,0.0005431898476591454,28,0.7466666666666667
-0.9000000000000146,0.0008798183041691238,28,0.7466666666666667
-0.8666666666666814,0.0013920640942741266,28,0.7466666666666667
-0.8333333333333481,0.0021515847598716636,28,0.7466666666666667
-0.8000000000000149,0.003248859868009277,28,0.7466666666666667
-0.7666666666666817,0.004793540734115736,28,0.7466666666666667
-0.7333333333333485,0.006912899284728478,28,0.7466666666666667
-0.7000000000000153,0.00974807509113933,28,0.7466666666666667
-0.6666666666666821,0.013448167053582245,28,0.7466666666666667
-0.6333333333333488,0.018162631136104817,28,0.7466666666666667
-0.6000000000000156,0.024032820508515657,28,0.7466666666666667
-0.5666666666666824,0.03118372720827525,28,0.7466666666666667
-0.5333333333333492,0.03971698227589167,28,0.7466666666666667
-0.500000000000016,0.04970594185307835,28,0.7466666666666667
-0.4666666666666828,0.061193299300520525,28,0.7466666666666667
-0.43333333333334956,0.07419122944654113,28,0.7466666666666667
-0.40000000000001634,0.08868370046454589,28,0.7466666666666667
-0.3666666666666831,0.10463035385320058,28,0.7466666666666667
-0.3333333333333499,0.12197127316787602,28,0.7466666666666667
-0.3000000000000167,0.14063201296881464,28,0.7466666666666667
-0.2666666666666835,0.1605283931292835,28,0.7466666666666667
-0.23333333333335027,0.18157072727835885,28,0.7466666666666667
-0.20000000000001705,0.20366731224145115,28,0.7466666666666667
-0.16666666666668384,0.2267271277963579,28,0.7466666666666667
-0.13333333333335062,0.2506617850098199,28,0.7466666666666667
-0.10000000000001741,0.2753868069285532,28,0.7466666666666667
-0.0666666666666842,0.300822342531336,28,0.7466666666666667
-0.03333333333335098,0.326893418187416,28,0.7466666666666667
-1.7763568394002505e-14,0.3535297803640263,28,0.7466666666666667
0.03333333333331545,0.3806654020451737,28,0.7466666666666667
0.06666666666664867,0.4082375428039494,28,0.7466666666666667
0.09999999999998188,0.4361853471550493,28,0.7466666666666667
0.1333333333333151,0.46444741460408484,28,0.7466666666666667
0.1666666666666483,0.4929579064125493,28,0.7466666666666667
0.19999999999998153,0.5216390828042949,28,0.7466666666666667
0.23333333333331474,0.5503875044821903,28,0.7466666666666667
0.26666666666664796,0.5790454457019782,28,0.7466666666666667
0.29999999999998117,0.6073421838077185,28,0.7466666666666667
0.3333333333333144,0.6347668109889006,28,0.7466666666666667
0.3666666666666476,0.6602936997230556,28,0.7466666666666667
0.3999999999999808,0.6817932478230008,28,0.7466666666666667
0.43333333333331403,0.6948595060591323,28,0.7466666666666667
0.46666666666664725,0.6909505302982296,28,0.7466666666666667
0.49999999999998046,0.6563202119466028,28,0.7466666666666667
0.5333333333333137,0.5770767310102929,28,0.7466666666666667
0.5666666666666469,0.45415285184142495,28,0.7466666666666667
0.5999999999999801,0.3135448959326218,28,0.7466666666666667
0.6333333333333133,0.19088909117664796,28,0.7466666666666667
0.6666666666666465,0.105490530255121,28,0.7466666666666667
0.6999999999999797,0.055056885051897916,28,0.7466666666666667
0.733333333333313,0.028152456502759004,28,0.7466666666666667
0.7666666666666462,0.014487188196408889,28,0.7466666666666667
0.7999999999999794,0.00761784152640441,28,0.7466666666666667
0.8333333333333126,0.0041114787334673155,28,0.7466666666666667
0.8666666666666458,0.0022694916914330204,28,0.7466666666666667
0.899999999999979,0.0012713379498288208,28,0.7466666666666667
0.9333333333333123,0.000716636245416402,28,0.7466666666666667
0.9666666666666455,0.0004035056801962281,28,0.7466666666666667
0.9999999999999787,0.00022567098039132346,28,0.7466666666666667
1.033333333333312,0.00012485924840799597,28,0.7466666666666667
1.0666666666666451,6.814580870442906e-05,28,0.7466666666666667
1.0999999999999783,3.661307420127621e-05,28,0.7466666666666667
1.1333333333333115,1.933527980028607e-05,28,0.7466666666666667
1.1666666666666448,1.002481898315619e-05,28,0.7466666666666667
1.199999999999978,5.0981844145694765e-06,28,0.7466666666666667
1.2333333333333112,2.5412260494255657e-06,28,0.7466666666666667
1.2666666666666444,1.2407646000247918e-06,28,0.7466666666666667
1.2999999999999776,5.930930653449064e-07,28,0.7466666666666667
1.3333333333333108,2.774226939080928e-07,28,0.7466666666666667
1.366666666666644,1.269308096900855e-07,28,0.7466666666666667
1.3999999999999773,5.678513037729314e-08,28,0.7466666666666667
1.4333333333333105,2.4830951606877296e-08,28,0.7466666666666667
1.4666666666666437,1.0609639827106583e-08,28,0.7466666666666667
1.499999999999977,4.428125995061076e-09,28,0.7466666666666667
1.5333333333333101,1.8047579515595457e-09,28,0.7466666666666667
1.5666666666666433,7.18071672380713e-10,28,0.7466666666666667
1.5999999999999766,2.788290602729467e-10,28,0.7466666666666667
1.6333333333333098,1.0563354231992654e-10,28,0.7466666666666667
1.666666666666643,3.903295334975545e-11,28,0.7466666666666667
1.6999999999999762,1.4063669119861737e-11,28,0.7466666666666667
1.7333333333333094,4.93940883887661e-12,28,0.7466666666666667
1.7666666666666426,1.690563112646462e-12,28,0.7466666666666667
1.7999999999999758,5.636875589669669e-13,28,0.7466666666666667
1.833333333333309,1.8304861958819316e-13,28,0.7466666666666667
1.8666666666666423,5.787428402225112e-14,28,0.7466666666666667
1.8999999999999755,1.7810098356158635e-14,28,0.7466666666666667
1.9333333333333087,5.333093897279259e-15,28,0.7466666666666667
1.966666666666642,1.553444303823994e-15,28,0.7466666666666667
1.9999999999999751,4.4003564753460214e-16,28,0.7466666666666667
2.0333333333333083,1.2117946278503754e-16,28,0.7466666666666667
2.0666666666666416,3.24334980363333e-17,28,0.7466666666666667
2.0999999999999748,8.434480974291537e-18,28,0.7466666666666667
2.133333333333308,2.130594235290819e-18,28,0.7466666666666667
2.166666666666641,5.226380001710684e-19,28,0.7466666666666667
2.1999999999999744,1.244633093254414e-19,28,0.7466666666666667
2.2333333333333076,2.8767792106944205e-20,28,0.7466666666666667
2.266666666666641,6.4518439096958256e-21,28,0.7466666666666667
2.299999999999974,1.4036646923122749e-21,28,0.7466666666666667
2.3333333333333073,2.961679650131252e-22,28,0.7466666666666667
2.3666666666666405,6.059042205217526e-23,28,0.7466666666666667
2.3999999999999737,1.201600807580131e-23,28,0.7466666666666667
2.433333333333307,2.309453136253597e-24,28,0.7466666666666667
2.46666666666664,4.300871514313471e-25,28,0.7466666666666667
2.4999999999999734,7.759096658185729e-26,28,0.7466666666666667
2.5333333333333066,1.355768743096422e-26,28,0.7466666666666667
2.56666666666664,2.294011588398621e-27,28,0.7466666666666667
2.599999999999973,3.758030476851645e-28,28,0.7466666666666667
2.633333333333306,5.959395776330294e-29,28,0.7466666666666667
2.6666666666666394,9.146338865636858e-30,28,0.7466666666666667
2.6999999999999726,1.3583905964831143e-30,28,0.7466666666666667
2.733333333333306,1.9519415523290185e-31,28,0.7466666666666667
2.766666666666639,2.713372060152847e-32,28,0.7466666666666667
2.7999999999999723,3.648304123368508e-33,28,0.7466666666666667
2.8333333333333055,4.744097997923769e-34,28,0.7466666666666667
2.8666666666666387,5.965432538135134e-35,28,0.7466666666666667
2.899999999999972,7.252763108107107e-36,28,0.7466666666666667
2.933333333333305,8.52488786352634e-37,28,0.7466666666666667
2.9666666666666384,9.686134903096732e-38,28,0.7466666666666667
2.9999999999999716,1.0637623143363813e-38,28,0.7466666666666667
3.033333333333305,1.1290911224061354e-39,28,0.7466666666666667
3.066666666666638,1.1581481194268027e-40,28,0.7466666666666667
3.0999999999999712,1.14792262565927e-41,28,0.7466666666666667
3.1333333333333044,1.0993585350542271e-42,28,0.7466666666666667
3.1666666666666377,1.0172113618007342e-43,28,0.7466666666666667
3.199999999999971,9.092786817842216e-45,28,0.7466666666666667
3.233333333333304,7.85176831019276e-46,28,0.7466666666666667
3.2666666666666373,6.549302833459857e-47,28,0.7466666666666667
3.2999999999999705,5.276597183176178e-48,28,0.7466666666666667
3.3333333333333037,4.106008194622877e-49,28,0.7466666666666667
3.366666666666637,3.0858151872070695e-50,28,0.7466666666666667
3.39999999999997,2.239664096135396e-51,28,0.7466666666666667
3.4333333333333034,1.569779750474631e-52,28,0.7466666666666667
3.4666666666666366,1.062474856953061e-53,28,0.7466666666666667
3.49999999999997,6.943926882039255e-55,28,0.7466666666666667
3.533333333333303,4.382094211210867e-56,28,0.7466666666666667
3.5666666666666362,2.6701335462979805e-57,28,0.7466666666666667
3.5999999999999694,1.570885593424975e-58,28,0.7466666666666667
3.6333333333333027,8.922837050016428e-60,28,0.7466666666666667
3.666666666666636,4.893229703787863e-61,28,0.7466666666666667
3.699999999999969,2.5906617152173644e-62,28,0.7466666666666667
3.7333333333333023,1.3241502570435045e-63,28,0.7466666666666667
3.7666666666666355,6.53378752805888e-65,28,0.7466666666666667
3.7999999999999687,3.1123205284039966e-66,28,0.7466666666666667
3.833333333333302,1.4311535340604186e-67,28,0.7466666666666667
3.866666666666635,6.352758713702816e-69,28,0.7466666666666667
3.8999999999999684,2.7221051402325457e-70,28,0.7466666666666667
3.9333333333333016,1.1259174018013017e-71,28,0.7466666666666667
3.966666666666635,4.49531835613655e-73,28,0.7466666666666667
3.999999999999968,1.7324483784532044e-74,28,0.7466666666666667
4.033333333333301,6.444662003191483e-76,28,0.7466666666666667
4.0666666666666345,2.3140590917085995e-77,28,0.7466666666666667
4.099999999999968,8.02006775573337e-79,28,0.7466666666666667
4.133333333333301,2.682910008309863e-80,28,0.7466666666666667
4.166666666666634,8.662717599747234e-82,28,0.7466666666666667
4.199999999999967,2.6997155088549105e-83,28,0.7466666666666667
4.2333333333333005,8.120704964143727e-85,28,0.7466666666666667
4.266666666666634,2.357641169479434e-86,28,0.7466666666666667
4.299999999999967,6.606425288986343e-88,28,0.7466666666666667
4.3333333333333,1.7867221853554124e-89,28,0.7466666666666667
4.366666666666633,4.6638681142263616e-91,28,0.7466666666666667
4.399999999999967,1.17498269149678e-92,28,0.7466666666666667
4.4333333333333,2.856999011431444e-94,28,0.7466666666666667
4.466666666666633,6.7047059157035035e-96,28,0.7466666666666667
4.499999999999966,1.518581732121979e-97,28,0.7466666666666667
4.5333333333332995,3.3195814356241795e-99,28,0.7466666666666667
4.566666666666633,7.003469900033911e-101,28,0.7466666666666667
4.599999999999966,1.426021869480383e-102,28,0.7466666666666667
4.633333333333299,2.8023372865111484e-104,28,0.7466666666666667
4.666666666666632,5.31489096158175e-106,28,0.7466666666666667
4.6999999999999655,9.728515796300133e-108,28,0.7466666666666667
4.733333333333299,1.7186036662794586e-109,28,0.7466666666666667
4.766666666666632,2.9300870921117582e-111,28,0.7466666666666667
4.799999999999965,4.821251582126937e-113,28,0.7466666666666667
4.833333333333298,7.656185195032882e-115,28,0.7466666666666667
4.866666666666632,1.1733765699089606e-116,28,0.7466666666666667
4.899999999999965,1.7355366367406957e-118,28,0.7466666666666667
4.933333333333298,2.477425840498898e-120,28,0.7466666666666667
4.966666666666631,3.4130072867935473e-122,28,0.7466666666666667
4.9999999999999645,4.537780619141878e-124,28,0.7466666666666667
-5.0,2.2983637848231613e-124,29,0.7733333333333334
-4.966666666666667,1.2387158319752713e-120,29,0.7733333333333334
-4.933333333333334,8.679389399783268e-119,29,0.7733333333333334
-4.9,5.8681215624032435e-117,29,0.7733333333333334
-4.866666666666667,3.828960365817829e-115,29,0.7733333333333334
-4.833333333333334,2.4112124793377983e-113,29,0.7733333333333334
-4.800000000000001,1.465426355309216e-111,29,0.7733333333333334
-4.7666666666666675,8.595428957151216e-110,29,0.7733333333333334
-4.733333333333334,4.865722941675236e-108,29,0.7733333333333334
-4.700000000000001,2.658304782612754e-106,29,0.7733333333333334
-4.666666666666668,1.4016550690394914e-104,29,0.7733333333333334
-4.633333333333335,7.132766792853104e-103,29,0.7733333333333334
-4.600000000000001,3.503136118645768e-101,29,0.7733333333333334
-4.566666666666668,1.6605037287400329e-99,29,0.7733333333333334
-4.533333333333335,7.596410395529033e-98,29,0.7733333333333334
-4.500000000000002,3.3540127485561205e-96,29,0.7733333333333334
-4.466666666666669,1.4292587965760948e-94,29,0.7733333333333334
-4.433333333333335,5.878265810418522e-93,29,0.7733333333333334
-4.400000000000002,2.3333625566098074e-91,29,0.7733333333333334
-4.366666666666669,8.939485840199978e-90,29,0.7733333333333334
-4.333333333333336,3.305544578537597e-88,29,0.7733333333333334
-4.3000000000000025,1.1797139458279332e-86,29,0.7733333333333334
-4.266666666666669,4.063655694701104e-85,29,0.7733333333333334
-4.233333333333336,1.3510365750071626e-83,29,0.7733333333333334
-4.200000000000003,4.3354191523397806e-82,29,0.7733333333333334
-4.16666666666667,1.342804861904471e-80,29,0.7733333333333334
-4.133333333333336,4.014365236652062e-79,29,0.7733333333333334
-4.100000000000003,1.158371000854336e-77,29,0.7733333333333334
-4.06666666666667,3.2263410354622285e-76,29,0.7733333333333334
-4.033333333333337,8.673812187694222e-75,29,0.7733333333333334
-4.0000000000000036,2.250881509062123e-73,29,0.7733333333333334
-3.9666666666666703,5.638249250879525e-72,29,0.7733333333333334
-3.933333333333337,1.3633002292897258e-70,29,0.7733333333333334
-3.900000000000004,3.182008943849819e-69,29,0.7733333333333334
-3.8666666666666707,7.169378195979584e-68,29,0.7733333333333334
-3.8333333333333375,1.5593366435537904e-66,29,0.7733333333333334
-3.8000000000000043,3.2740495316892086e-65,29,0.7733333333333334
-3.766666666666671,6.636312887838397e-64,29,0.7733333333333334
-3.733333333333338,1.298597751368627e-62,29,0.7733333333333334
-3.7000000000000046,2.4532356031715e-61,29,0.7733333333333334
-3.6666666666666714,4.4743718335705397e-60,29,0.7733333333333334
-3.633333333333338,7.8788941156199045e-59,29,0.7733333333333334
-3.600000000000005,1.3395281916699904e-57,29,0.7733333333333334
-3.5666666666666718,2.198901533566042e-56,29,0.7733333333333334
-3.5333333333333385,3.4853141087408926e-55,29,0.7733333333333334
-3.5000000000000053,5.334284755805995e-54,29,0.7733333333333334
-3.466666666666672,7.883618386760864e-53,29,0.7733333333333334
-3.433333333333339,1.1251444223493032e-51,29,0.7733333333333334
-3.4000000000000057,1.550756492351595e-50,29,0.7733333333333334
-3.3666666666666725,2.06420241778646e-49,29,0.7733333333333334
-3.3333333333333393,2.6537276675169585e-48,29,0.7733333333333334
-3.300000000000006,3.2951814576942446e-47,29,0.7733333333333334
-3.266666666666673,3.9522671410018725e-46,29,0.7733333333333334
-3.2333333333333396,4.579139923076551e-45,29,0.7733333333333334
-3.2000000000000064,5.12531565054152e-44,29,0.7733333333333334
-3.166666666666673,5.542256609346394e-43,29,0.7733333333333334
-3.13333333333334,5.790473696372028e-42,29,0.7733333333333334
-3.1000000000000068,5.845708523872405e-41,29,0.7733333333333334
-3.0666666666666735,5.702851743299904e-40,29,0.7733333333333334
-3.0333333333333403,5.376718977640443e-39,29,0.7733333333333334
-3.000000000000007,4.899522007657206e-38,29,0.7733333333333334
-2.966666666666674,4.315632047470047e-37,29,0.7733333333333334
-2.9333333333333407,3.674812228560704e-36,29,0.7733333333333334
-2.9000000000000075,3.0253407083784574e-35,29,0.7733333333333334
-2.8666666666666742,2.4083128144971356e-34,29,0.7733333333333334
-2.833333333333341,1.8539792243709285e-33,29,0.7733333333333334
-2.800000000000008,1.3804065200631092e-32,29,0.7733333333333334
-2.7666666666666746,9.942122967792762e-32,29,0.7733333333333334
-2.7333333333333414,6.927621585408983e-31,29,0.7733333333333334
-2.700000000000008,4.670766510425463e-30,29,0.7733333333333334
-2.666666666666675,3.04761741798326e-29,29,0.7733333333333334
-2.6333333333333417,1.9247469327502578e-28,29,0.7733333333333334
-2.6000000000000085,1.1768027730787121e-27,29,0.7733333333333334
-2.5666666666666753,6.966745239311605e-27,29,0.7733333333333334
-2.533333333333342,3.994248908505429e-26,29,0.7733333333333334
-2.500000000000009,2.2182241943075422e-25,29,0.7733333333333334
-2.4666666666666757,1.1935220514156066e-24,29,0.7733333333333334
-2.4333333333333425,6.223047613605478e-24,29,0.7733333333333334
-2.4000000000000092,3.1449937594160506e-23,29,0.7733333333333334
-2.366666666666676,1.540919865442027e-22,29,0.7733333333333334
-2.333333333333343,7.321275571809809e-22,29,0.7733333333333334
-2.3000000000000096,3.3740059373483246e-21,29,0.7733333333333334
-2.2666666666666764,1.5085728399592394e-20,29,0.7733333333333334
-2.233333333333343,6.545757661727749e-20,29,0.7733333333333334
-2.20000000000001,2.7570289613578763e-19,29,0.7733333333333334
-2.1666666666666767,1.1275287722678345e-18,29,0.7733333333333334
-2.1333333333333435,4.4785594867270585e-18,29,0.7733333333333334
-2.1000000000000103,1.728204612979007e-17,29,0.7733333333333334
-2.066666666666677,6.480697181197968e-17,29,0.7733333333333334
-2.033333333333344,2.3623457207217244e-16,29,0.7733333333333334
-2.0000000000000107,8.373118762614043e-16,29,0.7733333333333334
-1.9666666666666774,2.886564707231937e-15,29,0.7733333333333334
-1.9333333333333442,9.68177076444669e-15,29,0.7733333333333334
-1.900000000000011,3.160368435469669e-14,29,0.7733333333333334
-1.8666666666666778,1.004293237558637e-13,29,0.7733333333333334
-1.8333333333333446,3.107806683438475e-13,29,0.7733333333333334
-1.8000000000000114,9.368041538866866e-13,29,0.7733333333333334
-1.7666666666666782,2.7515372909862475e-12,29,0.7733333333333334
-1.733333333333345,7.877050592660694e-12,29,0.7733333333333334
-1.7000000000000117,2.198580953235031e-11,29,0.7733333333333334
-1.6666666666666785,5.98466142662033e-11,29,0.7733333333333334
-1.6333333333333453,1.5892090586646989e-10,29,0.7733333333333334
-1.600000000000012,4.1180405939726875e-10,29,0.7733333333333334
-1.5666666666666789,1.0415721075877e-09,29,0.7733333333333334
-1.5333333333333456,2.572139524305157e-09,29,0.7733333333333334
-1.5000000000000124,6.203244168916485e-09,29,0.7733333333333334
-1.4666666666666792,1.4614006374516759e-08,29,0.7733333333333334
-1.433333333333346,3.363918515736574e-08,29,0.7733333333333334
-1.4000000000000128,7.567254795943563e-08,29,0.7733333333333334
-1.3666666666666796,1.663905092324258e-07,29,0.7733333333333334
-1.3333333333333464,3.576717654908477e-07,29,0.7733333333333334
-1.3000000000000131,7.51729958648746e-07,29,0.7733333333333334
-1.26666666666668,1.544901356132401e-06,29,0.7733333333333334
-1.2333333333333467,3.104750375045533e-06,29,0.7733333333333334
-1.2000000000000135,6.101682945513492e-06,29,0.7733333333333334
-1.1666666666666803,1.1726401944865594e-05,29,0.7733333333333334
-1.133333333333347,2.2037064653550223e-05,29,0.7733333333333334
-1.1000000000000139,4.049362120425292e-05,29,0.7733333333333334
-1.0666666666666806,7.274857937856914e-05,29,0.7733333333333334
-1.0333333333333474,0.00012776823198722086,29,0.7733333333333334
-1.0000000000000142,0.00021934881371095852,29,0.7733333333333334
-0.966666666666681,0.00036805932094314544,29,0.7733333333333334
-0.9333333333333478,0.0006035788810669101,29,0.7733333333333334
-0.9000000000000146,0.0009672984135202425,29,0.7733333333333334
-0.8666666666666814,0.0015149304846742817,29,0.7733333333333334
-0.8333333333333481,0.002318738531541823,29,0.7733333333333334
-0.8000000000000149,0.0034688930038355567,29,0.7733333333333334
-0.7666666666666817,0.00507343295915311,29,0.7733333333333334
-0.7333333333333485,0.007256398525584961,29,0.7733333333333334
-0.7000000000000153,0.01015392016503931,29,0.7733333333333334
-0.6666666666666821,0.01390838187326133,29,0.7733333333333334
-0.6333333333333488,0.018661149128150256,29,0.7733333333333334
-0.6000000000000156,0.024544670437627248,29,0.7733333333333334
-0.5666666666666824,0.03167492894830187,29,0.7733333333333334
-0.5333333333333492,0.040145183368096506,29,0.7733333333333334
-0.500000000000016,0.050021704548570176,29,0.7733333333333334
-0.4666666666666828,0.0613418540755522,29,0.7733333333333334
-0.43333333333334956,0.07411446411277277,29,0.7733333333333334
-0.40000000000001634,0.08832215716573952,29,0.7733333333333334
-0.3666666666666831,0.1039250482661895,29,0.7733333333333334
-0.3333333333333499,0.12086521298616464,29,0.7733333333333334
-0.3000000000000167,0.13907135844408433,29,0.7733333333333334
-0.2666666666666835,0.15846325693704047,29,0.7733333333333334
-0.23333333333335027,0.17895565087036994,29,0.7733333333333334
-0.20000000000001705,0.2004614752424796,29,0.7733333333333334
-0.16666666666668384,0.22289435734790503,29,0.7733333333333334
-0.13333333333335062,0.2461704267721519,29,0.7733333333333334
-0.10000000000001741,0.2702095135102317,29,0.7733333333333334
-0.0666666666666842,0.2949358298731949,29,0.7733333333333334
-0.03333333333335098,0.3202782166800419,29,0.7733333333333334
-1.7763568394002505e-14,0.3461700418243027,29,0.7733333333333334
0.03333333333331545,0.37254874443391395,29,0.7733333333333334
0.06666666666664867,0.3993550728484001,29,0.7733333333333334
0.09999999999998188,0.42653177678845466,29,0.7733333333333334
0.1333333333333151,0.4540216586994247,29,0.7733333333333334
0.1666666666666483,0.48176406234889246,29,0.7733333333333334
0.19999999999998153,0.5096889239282719,29,0.7733333333333334
0.23333333333331474,0.5377050051572773,29,0.7733333333333334
0.26666666666664796,0.5656772195165153,29,0.7733333333333334
0.29999999999998117,0.5933790731164762,29,0.7733333333333334
0.3333333333333144,0.6203932934330606,29,0.7733333333333334
0.3666666666666476,0.6458974037171473,29,0.7733333333333334
0.3999999999999808,0.6682082102377378,29,0.7733333333333334
0.43333333333331403,0.6838577685521414,29,0.7733333333333334
0.46666666666664725,0.686004561513089,29,0.7733333333333334
0.49999999999998046,0.662892647023437,29,0.7733333333333334
0.5333333333333137,0.6001368134488008,29,0.7733333333333334
0.5666666666666469,0.4922522438130828,29,0.7733333333333334
0.5999999999999801,0.356484205050127,29,0.7733333333333334
0.6333333333333133,0.2269541430522498,29,0.7733333333333334
0.6666666666666465,0.12965446502199868,29,0.7733333333333334
0.6999999999999797,0.06888863161221337,29,0.7733333333333334
0.733333333333313,0.03533631301810935,29,0.7733333333333334
0.7666666666666462,0.018032054874105374,29,0.7733333333333334
0.7999999999999794,0.009337928337830585,29,0.7733333333333334
0.8333333333333126,0.004954242792315501,29,0.7733333333333334
0.8666666666666458,0.002694465933086684,29,0.7733333333333334
0.899999999999979,0.0014939913734305591,29,0.7733333333333334
0.9333333333333123,0.0008377125116822694,29,0.7733333333333334
0.9666666666666455,0.00047124614092723346,29,0.7733333333333334
0.9999999999999787,0.0002642119097025195,29,0.7733333333333334
1.033333333333312,0.0001469176512559056,29,0.7733333333333334
1.0666666666666451,8.07390111675782e-05,29,0.7733333333333334
1.0999999999999783,4.3741398251997366e-05,29,0.7733333333333334
1.1333333333333115,2.3319194596257566e-05,29,0.7733333333333334
1.1666666666666448,1.2216801679739899e-05,29,0.7733333333333334
1.199999999999978,6.2830413241240406e-06,29,0.7733333333333334
1.2333333333333112,3.1694793976946403e-06,29,0.7733333333333334
1.2666666666666444,1.567160778599326e-06,29,0.7733333333333334
1.2999999999999776,7.590939394731306e-07,29,0.7733333333333334
1.3333333333333108,3.600120046470867e-07,29,0.7733333333333334
1.366666666666644,1.6710392689045298e-07,29,0.7733333333333334
1.3999999999999773,7.588088374745226e-08,29,0.7733333333333334
1.4333333333333105,3.3697385724597174e-08,29,0.7733333333333334
1.4666666666666437,1.4629538920362758e-08,29,0.7733333333333334
1.499999999999977,6.207198911194525e-09,29,0.7733333333333334
1.5333333333333101,2.573098837539429e-09,29,0.7733333333333334
1.5666666666666433,1.0417935065521273e-09,29,0.7733333333333334
1.5999999999999766,4.1185260745121347e-10,29,0.7733333333333334
1.6333333333333098,1.589310068265955e-10,29,0.7733333333333334
1.666666666666643,5.984860572208628e-11,29,0.7733333333333334
1.6999999999999762,2.1986181094615864e-11,29,0.7733333333333334
1.7333333333333094,7.877116116293085e-12,29,0.7733333333333334
1.7666666666666426,2.7515481989266044e-12,29,0.7733333333333334
1.7999999999999758,9.368058661178925e-13,29,0.7733333333333334
1.833333333333309,3.107809214946719e-13,29,0.7733333333333334
1.8666666666666423,1.0042935897218253e-13,29,0.7733333333333334
1.8999999999999755,3.160368895976585e-14,29,0.7733333333333334
1.9333333333333087,9.681771329991377e-15,29,0.7733333333333334
1.966666666666642,2.886564772406936e-15,29,0.7733333333333334
1.9999999999999751,8.373118833045163e-16,29,0.7733333333333334
2.0333333333333083,2.3623457278546777e-16,29,0.7733333333333334
2.0666666666666416,6.480697187966454e-17,29,0.7733333333333334
2.0999999999999748,1.728204613581206e-17,29,0.7733333333333334
2.133333333333308,4.4785594872313024e-18,29,0.7733333333333334
2.166666666666641,1.1275287723081301e-18,29,0.7733333333333334
2.1999999999999744,2.757028961390063e-19,29,0.7733333333333334
2.2333333333333076,6.545757661756862e-20,29,0.7733333333333334
2.266666666666641,1.508572839962824e-20,29,0.7733333333333334
2.299999999999974,3.3740059373544756e-21,29,0.7733333333333334
2.3333333333333073,7.32127557182225e-22,29,0.7733333333333334
2.3666666666666405,1.5409198654446326e-22,29,0.7733333333333334
2.3999999999999737,3.144993759421443e-23,29,0.7733333333333334
2.433333333333307,6.2230476136163285e-24,29,0.7733333333333334
2.46666666666664,1.1935220514177273e-24,29,0.7733333333333334
2.4999999999999734,2.2182241943115564e-25,29,0.7733333333333334
2.5333333333333066,3.9942489085127953e-26,29,0.7733333333333334
2.56666666666664,6.966745239324693e-27,29,0.7733333333333334
2.599999999999973,1.176802773080962e-27,29,0.7733333333333334
2.633333333333306,1.9247469327540067e-28,29,0.7733333333333334
2.6666666666666394,3.0476174179893027e-29,29,0.7733333333333334
2.6999999999999726,4.67076651043488e-30,29,0.7733333333333334
2.733333333333306,6.927621585423214e-31,29,0.7733333333333334
2.766666666666639,9.942122967813517e-32,29,0.7733333333333334
2.7999999999999723,1.3804065200660424e-32,29,0.7733333333333334
2.8333333333333055,1.8539792243749296e-33,29,0.7733333333333334
2.8666666666666387,2.40831281450242e-34,29,0.7733333333333334
2.899999999999972,3.0253407083851987e-35,29,0.7733333333333334
2.933333333333305,3.674812228569037e-36,29,0.7733333333333334
2.9666666666666384,4.315632047479989e-37,29,0.7733333333333334
2.9999999999999716,4.899522007668673e-38,29,0.7733333333333334
3.033333333333305,5.376718977653247e-39,29,0.7733333333333334
3.066666666666638,5.702851743313641e-40,29,0.7733333333333334
3.0999999999999712,5.845708523886725e-41,29,0.7733333333333334
3.1333333333333044,5.790473696386387e-42,29,0.7733333333333334
3.1666666666666377,5.542256609360347e-43,29,0.7733333333333334
3.199999999999971,5.125315650554635e-44,29,0.7733333333333334
3.233333333333304,4.579139923088407e-45,29,0.7733333333333334
3.2666666666666373,3.95226714101226e-46,29,0.7733333333333334
3.2999999999999705,3.2951814577030434e-47,29,0.7733333333333334
3.3333333333333037,2.6537276675241244e-48,29,0.7733333333333334
3.366666666666637,2.0642024177921154e-49,29,0.7733333333333334
3.39999999999997,1.550756492355908e-50,29,0.7733333333333334
3.4333333333333034,1.1251444223524633e-51,29,0.7733333333333334
3.4666666666666366,7.883618386783351e-53,29,0.7733333333333334
3.49999999999997,5.33428475582136e-54,29,0.7733333333333334
3.533333333333303,3.4853141087511175e-55,29,0.7733333333333334
3.5666666666666362,2.1989015335725587e-56,29,0.7733333333333334
3.5999999999999694,1.3395281916739984e-57,29,0.7733333333333334
3.6333333333333027,7.8788941156438145e-59,29,0.7733333333333334
3.666666666666636,4.474371833584301e-60,29,0.7733333333333334
3.699999999999969,2.4532356031791493e-61,29,0.7733333333333334
3.7333333333333023,1.2985977513727116e-62,29,0.7733333333333334
3.7666666666666355,6.636312887859543e-64,29,0.7733333333333334
3.7999999999999687,3.274049531699742e-65,29,0.7733333333333334
3.833333333333302,1.5593366435588496e-66,29,0.7733333333333334
3.866666666666635,7.169378196003256e-68,29,0.7733333333333334
3.8999999999999684,3.1820089438604147e-69,29,0.7733333333333334
3.9333333333333016,1.363300229294341e-70,29,0.7733333333333334
3.966666666666635,5.638249250898774e-72,29,0.7733333333333334
3.999999999999968,2.2508815090698708e-73,29,0.7733333333333334
4.033333333333301,8.673812187724565e-75,29,0.7733333333333334
4.0666666666666345,3.2263410354736084e-76,29,0.7733333333333334
4.099999999999968,1.1583710008584548e-77,29,0.7733333333333334
4.133333333333301,4.0143652366665583e-79,29,0.7733333333333334
4.166666666666634,1.342804861909359e-80,29,0.7733333333333334
4.199999999999967,4.335419152355689e-82,29,0.7733333333333334
4.2333333333333005,1.351036575012195e-83,29,0.7733333333333334
4.266666666666634,4.0636556947163567e-85,29,0.7733333333333334
4.299999999999967,1.1797139458323948e-86,29,0.7733333333333334
4.3333333333333,3.305544578550285e-88,29,0.7733333333333334
4.366666666666633,8.939485840234546e-90,29,0.7733333333333334
4.399999999999967,2.3333625566188964e-91,29,0.7733333333333334
4.4333333333333,5.878265810441751e-93,29,0.7733333333333334
4.466666666666633,1.429258796581783e-94,29,0.7733333333333334
4.499999999999966,3.354012748569564e-96,29,0.7733333333333334
4.5333333333332995,7.596410395559911e-98,29,0.7733333333333334
4.566666666666633,1.6605037287468299e-99,29,0.7733333333333334
4.599999999999966,3.503136118660211e-101,29,0.7733333333333334
4.633333333333299,7.132766792882706e-103,29,0.7733333333333334
4.666666666666632,1.4016550690453892e-104,29,0.7733333333333334
4.6999999999999655,2.658304782624015e-106,29,0.7733333333333334
4.733333333333299,4.8657229416961224e-108,29,0.7733333333333334
4.766666666666632,8.595428957188357e-110,29,0.7733333333333334
4.799999999999965,1.4654263553156308e-111,29,0.7733333333333334
4.833333333333298,2.4112124793484229e-113,29,0.7733333333333334
4.866666666666632,3.8289603658348114e-115,29,0.7733333333333334
4.899999999999965,5.868121562465052e-117,29,0.7733333333333334
4.933333333333298,8.679389687346875e-119,29,0.7733333333333334
4.966666666666631,1.2389398092804061e-120,29,0.7733333333333334
4.9999999999999645,1.706798378149296e-122,29,0.7733333333333334
-5.0,8.648910079987638e-123,30,0.8
-4.966666666666667,4.3397061917105585e-119,30,0.8
-4.933333333333334,2.9346801391176094e-117,30,0.8
-4.9,1.9149141523789037e-115,30,0.8
-4.866666666666667,1.2058996457470194e-113,30,0.8
-4.833333333333334,7.32904625672899e-112,30,0.8
-4.800000000000001,4.2989200848152765e-110,30,0.8
-4.7666666666666675,2.4335941840152725e-108,30,0.8
-4.733333333333334,1.3295821627542346e-106,30,0.8
-4.700000000000001,7.010708206668294e-105,30,0.8
-4.666666666666668,3.567712548817858e-103,30,0.8
-4.633333333333335,1.7522688868574036e-101,30,0.8
-4.600000000000001,8.306085027096591e-100,30,0.8
-4.566666666666668,3.799956765823839e-98,30,0.8
-4.533333333333335,1.6778366261424303e-96,30,0.8
-4.500000000000002,7.150092188078239e-95,30,0.8
-4.466666666666669,2.940809911583539e-93,30,0.8
-4.433333333333335,1.1673959077031917e-91,30,0.8
-4.400000000000002,4.472682053005198e-90,30,0.8
-4.366666666666669,1.6539389705471034e-88,30,0.8
-4.333333333333336,5.903039472059766e-87,30,0.8
-4.3000000000000025,2.0334806196398208e-85,30,0.8
-4.266666666666669,6.761081444764953e-84,30,0.8
-4.233333333333336,2.1697414040172408e-82,30,0.8
-4.200000000000003,6.720779492397391e-81,30,0.8
-4.16666666666667,2.0093503279022008e-79,30,0.8
-4.133333333333336,5.7985690285812015e-78,30,0.8
-4.100000000000003,1.6151777003494402e-76,30,0.8
-4.06666666666667,4.3426979488513825e-75,30,0.8
-4.033333333333337,1.1270539250487927e-73,30,0.8
-4.0000000000000036,2.8234615315336094e-72,30,0.8
-3.9666666666666703,6.827755553993939e-71,30,0.8
-3.933333333333337,1.5938235965503493e-69,30,0.8
-3.900000000000004,3.5915055991362402e-68,30,0.8
-3.8666666666666707,7.812593262488201e-67,30,0.8
-3.8333333333333375,1.640609454942594e-65,30,0.8
-3.8000000000000043,3.325953127136967e-64,30,0.8
-3.766666666666671,6.509359004501581e-63,30,0.8
-3.733333333333338,1.2299359580296692e-61,30,0.8
-3.7000000000000046,2.243678905542113e-60,30,0.8
-3.6666666666666714,3.95171323582581e-59,30,0.8
-3.633333333333338,6.720012817517804e-58,30,0.8
-3.600000000000005,1.103390213840831e-56,30,0.8
-3.5666666666666718,1.7493546953287964e-55,30,0.8
-3.5333333333333385,2.678136885570828e-54,30,0.8
-3.5000000000000053,3.9592357639241364e-53,30,0.8
-3.466666666666672,5.652393535525546e-52,30,0.8
-3.433333333333339,7.793200553691779e-51,30,0.8
-3.4000000000000057,1.0377269310049765e-49,30,0.8
-3.3666666666666725,1.3346176162202372e-48,30,0.8
-3.3333333333333393,1.6579117409360545e-47,30,0.8
-3.300000000000006,1.989402208838521e-46,30,0.8
-3.266666666666673,2.3060458688267468e-45,30,0.8
-3.2333333333333396,2.582419160975769e-44,30,0.8
-3.2000000000000064,2.7940240042885795e-43,30,0.8
-3.166666666666673,2.920863426438721e-42,30,0.8
-3.13333333333334,2.9505655449829344e-41,30,0.8
-3.1000000000000068,2.8803782401318123e-40,30,0.8
-3.0666666666666735,2.7175880314395837e-39,30,0.8
-3.0333333333333403,2.4782752625451025e-38,30,0.8
-3.000000000000007,2.1846996186232257e-37,30,0.8
-2.966666666666674,1.861903724318638e-36,30,0.8
-2.9333333333333407,1.5342485144265788e-35,30,0.8
-2.9000000000000075,1.2225304683913712e-34,30,0.8
-2.8666666666666742,9.421163157273566e-34,30,0.8
-2.833333333333341,7.022448241040403e-33,30,0.8
-2.800000000000008,5.063760445114927e-32,30,0.8
-2.7666666666666746,3.532831118707647e-31,30,0.8
-2.7333333333333414,2.3850938700516956e-30,30,0.8
-2.700000000000008,1.5584468169186747e-29,30,0.8
-2.666666666666675,9.857272989272562e-29,30,0.8
-2.6333333333333417,6.0363947362927235e-28,30,0.8
-2.6000000000000085,3.579609966293315e-27,30,0.8
-2.5666666666666753,2.05596459290665e-26,30,0.8
-2.533333333333342,1.143945823350329e-25,30,0.8
-2.500000000000009,6.167322702503304e-25,30,0.8
-2.4666666666666757,3.222435016518116e-24,30,0.8
-2.4333333333333425,1.6321729822788055e-23,30,0.8
-2.4000000000000092,8.015751707890409e-23,30,0.8
-2.366666666666676,3.817887473875707e-22,30,0.8
-2.333333333333343,1.7640489619462638e-21,30,0.8
-2.3000000000000096,7.908927978386687e-21,30,0.8
-2.2666666666666764,3.4415791277312906e-20,30,0.8
-2.233333333333343,1.4539431226769002e-19,30,0.8
-2.20000000000001,5.96493174442556e-19,30,0.8
-2.1666666666666767,2.377131191431423e-18,30,0.8
-2.1333333333333435,9.204787451028952e-18,30,0.8
-2.1000000000000103,3.464276564935337e-17,30,0.8
-2.066666666666677,1.2675830910098125e-16,30,0.8
-2.033333333333344,4.510594240366919e-16,30,0.8
-2.0000000000000107,1.5613996396520531e-15,30,0.8
-1.9666666666666774,5.259541320354028e-15,30,0.8
-1.9333333333333442,1.7245124530964112e-14,30,0.8
-1.900000000000011,5.5055547260153195e-14,30,0.8
-1.8666666666666778,1.71192176349253e-13,30,0.8
-1.8333333333333446,5.186167388211016e-13,30,0.8
-1.8000000000000114,1.5311589796635527e-12,30,0.8
-1.7666666666666782,4.406927373261456e-12,30,0.8
-1.733333333333345,1.2368673411573118e-11,30,0.8
-1.7000000000000117,3.386183242872809e-11,30,0.8
-1.6666666666666785,9.04533576944556e-11,30,0.8
-1.6333333333333453,2.3582533679853586e-10,30,0.8
-1.600000000000012,6.002465065151616e-10,30,0.8
-1.5666666666666789,1.4919717905619492e-09,30,0.8
-1.5333333333333456,3.6224081307730196e-09,30,0.8
-1.5000000000000124,8.593072908020303e-09,30,0.8
-1.4666666666666792,1.9921214444518204e-08,30,0.8
-1.433333333333346,4.514327606442313e-08,30,0.8
-1.4000000000000128,1.000148418840544e-07,30,0.8
-1.3666666666666796,2.166721322845902e-07,30,0.8
-1.3333333333333464,4.590601264581601e-07,30,0.8
-1.3000000000000131,9.512861090534027e-07,30,0.8
-1.26666666666668,1.9282383519717474e-06,30,0.8
-1.2333333333333467,3.823285182060034e-06,30,0.8
-1.2000000000000135,7.415550586150027e-06,30,0.8
-1.1666666666666803,1.4069284119195104e-05,30,0.8
-1.133333333333347,2.6109711129588125e-05,30,0.8
-1.1000000000000139,4.7391860671343074e-05,30,0.8
-1.0666666666666806,8.412798959818751e-05,30,0.8
-1.0333333333333474,0.00014604013223550887,30,0.8
-1.0000000000000142,0.0002478899478766576,30,0.8
-0.966666666666681,0.0004114006086762156,30,0.8
-0.9333333333333478,0.0006675188275202808,30,0.8
-0.9000000000000146,0.0010588685414890508,30,0.8
-0.8666666666666814,0.0016421302960996612,30,0.8
-0.8333333333333481,0.0024899641033951864,30,0.8
-0.8000000000000149,0.003692013110624794,30,0.8
-0.7666666666666817,0.005354521344532248,30,0.8
-0.7333333333333485,0.007598204087550816,30,0.8
-0.7000000000000153,0.010554232646069075,30,0.8
-0.6666666666666821,0.01435850736818177,30,0.8
-0.6333333333333488,0.019144726603332437,30,0.8
-0.6000000000000156,0.025037026510806682,30,0.8
-0.5666666666666824,0.032143087922708605,30,0.8
-0.5333333333333492,0.040548542788023126,30,0.8
-0.500000000000016,0.050313281259070704,30,0.8
-0.4666666666666828,0.06146992775771566,30,0.8
-0.43333333333334956,0.07402440954364921,30,0.8
-0.40000000000001634,0.08795826381619987,30,0.8
-0.3666666666666831,0.1032321658231958,30,0.8
-0.3333333333333499,0.11979011793866629,30,0.8
-0.3000000000000167,0.13756379414382183,30,0.8
-0.2666666666666835,0.1564766482094362,30,0.8
-0.23333333333335027,0.17644752623830068,30,0.8
-0.20000000000001705,0.19739365019731792,30,0.8
-0.16666666666668384,0.21923293581515732,30,0.8
-0.13333333333335062,0.24188567809828826,30,0.8
-0.10000000000001741,0.26527567537751207,30,0.8
-0.0666666666666842,0.28933087411747443,30,0.8
-0.03333333333335098,0.3139836250260189,30,0.8
-1.7763568394002505e-14,0.33917059437707037,30,0.8
0.03333333333331545,0.36483240206572914,30,0.8
0.06666666666664867,0.39091290268497825,30,0.8
0.09999999999998188,0.4173581273022272,30,0.8
0.1333333333333151,0.4441144685365553,30,0.8
0.1666666666666483,0.4711258647924517,30,0.8
0.19999999999998153,0.4983285215930289,30,0.8
0.23333333333331474,0.5256414882214384,30,0.8
0.26666666666664796,0.5529476287686006,30,0.8
0.29999999999998117,0.5800558321034311,30,0.8
0.3333333333333144,0.6066212920736151,30,0.8
0.3666666666666476,0.6319778770969189,30,0.8
0.3999999999999808,0.6547819878385318,30,0.8
0.43333333333331403,0.6722863766378845,30,0.8
0.46666666666664725,0.6790221650140643,30,0.8
0.49999999999998046,0.6651583001930018,30,0.8
0.5333333333333137,0.6169953234060048,30,0.8
0.5666666666666469,0.5249271505307158,30,0.8
0.5999999999999801,0.39776401113075305,30,0.8
0.6333333333333133,0.26512347666607894,30,0.8
0.6666666666666465,0.15727389522886714,30,0.8
0.6999999999999797,0.08560771407653939,30,0.8
0.733333333333313,0.04434444095564347,30,0.8
0.7666666666666462,0.022569412300384235,30,0.8
0.7999999999999794,0.011553270929477943,30,0.8
0.8333333333333126,0.006032184487254214,30,0.8
0.8666666666666458,0.003228579585157295,30,0.8
0.899999999999979,0.0017674008992669438,30,0.8
0.9333333333333123,0.0009830207446386054,30,0.8
0.9666666666666455,0.0005510886015561945,30,0.8
0.9999999999999787,0.0003091219937173872,30,0.8
1.033333333333312,0.00017248811826410973,30,0.8
1.0666666666666451,9.533345905121738e-05,30,0.8
1.0999999999999783,5.203029788253542e-05,30,0.8
1.1333333333333115,2.7979452777804183e-05,30,0.8
1.1666666666666448,1.480121882183647e-05,30,0.8
1.199999999999978,7.693168379645995e-06,30,0.8
1.2333333333333112,3.925108455484758e-06,30,0.8
1.2666666666666444,1.964288562459094e-06,30,0.8
1.2999999999999776,9.635868569000588e-07,30,0.8
1.3333333333333108,4.630990428417691e-07,30,0.8
1.366666666666644,2.179464689674165e-07,30,0.8
1.3999999999999773,1.004006616651668e-07,30,0.8
1.4333333333333105,4.525521244268453e-08,30,0.8
1.4666666666666437,1.9952292537292744e-08,30,0.8
1.499999999999977,8.601318920431607e-09,30,0.8
1.5333333333333101,3.624496216362123e-09,30,0.8
1.5666666666666433,1.4924757237855643e-09,30,0.8
1.5999999999999766,6.003622569013764e-10,30,0.8
1.6333333333333098,2.35850606619858e-10,30,0.8
1.666666666666643,9.045859396556082e-11,30,0.8
1.6999999999999762,3.386286091989364e-11,30,0.8
1.7333333333333094,1.2368864646866398e-11,30,0.8
1.7666666666666426,4.406960991217723e-12,30,0.8
1.7999999999999758,1.531164560212133e-12,30,0.8
1.833333333333309,5.18617612545211e-13,30,0.8
1.8666666666666423,1.71192305227238e-13,30,0.8
1.8999999999999755,5.5055565151088956e-14,30,0.8
1.9333333333333087,1.724512686608659e-14,30,0.8
1.966666666666642,5.259541606647966e-15,30,0.8
1.9999999999999751,1.5613996725962035e-15,30,0.8
2.0333333333333083,4.510594275920905e-16,30,0.8
2.0666666666666416,1.2675830946063992e-16,30,0.8
2.0999999999999748,3.464276568344792e-17,30,0.8
2.133333333333308,9.204787454060095e-18,30,0.8
2.166666666666641,2.3771311916851543e-18,30,0.8
2.1999999999999744,5.964931744628493e-19,30,0.8
2.2333333333333076,1.4539431226931726e-19,30,0.8
2.266666666666641,3.4415791277461546e-20,30,0.8
2.299999999999974,7.908927978405233e-21,30,0.8
2.3333333333333073,1.7640489619494694e-21,30,0.8
2.3666666666666405,3.8178874738821975e-22,30,0.8
2.3999999999999737,8.01575170790398e-23,30,0.8
2.433333333333307,1.632172982281608e-23,30,0.8
2.46666666666664,3.222435016523742e-24,30,0.8
2.4999999999999734,6.167322702514276e-25,30,0.8
2.5333333333333066,1.1439458233524018e-25,30,0.8
2.56666666666664,2.0559645929104457e-26,30,0.8
2.599999999999973,3.5796099663000465e-27,30,0.8
2.633333333333306,6.036394736304275e-28,30,0.8
2.6666666666666394,9.857272989291778e-29,30,0.8
2.6999999999999726,1.5584468169217674e-29,30,0.8
2.733333333333306,2.3850938700565076e-30,30,0.8
2.766666666666639,3.5328311187149093e-31,30,0.8
2.7999999999999723,5.063760445125505e-32,30,0.8
2.8333333333333055,7.022448241055333e-33,30,0.8
2.8666666666666387,9.421163157293908e-34,30,0.8
2.899999999999972,1.222530468394055e-34,30,0.8
2.933333333333305,1.5342485144299992e-35,30,0.8
2.9666666666666384,1.8619037243228618e-36,30,0.8
2.9999999999999716,2.1846996186282606e-37,30,0.8
3.033333333333305,2.4782752625509043e-38,30,0.8
3.066666666666638,2.717588031446057e-39,30,0.8
3.0999999999999712,2.8803782401387523e-40,30,0.8
3.1333333333333044,2.950565544990164e-41,30,0.8
3.1666666666666377,2.9208634264459667e-42,30,0.8
3.199999999999971,2.7940240042956154e-43,30,0.8
3.233333333333304,2.582419160982379e-44,30,0.8
3.2666666666666373,2.3060458688327187e-45,30,0.8
3.2999999999999705,1.989402208843751e-46,30,0.8
3.3333333333333037,1.6579117409404823e-47,30,0.8
3.366666666666637,1.3346176162238418e-48,30,0.8
3.39999999999997,1.03772693100782e-49,30,0.8
3.4333333333333034,7.793200553713456e-51,30,0.8
3.4666666666666366,5.6523935355414234e-52,30,0.8
3.49999999999997,3.959235763935431e-53,30,0.8
3.533333333333303,2.6781368855785425e-54,30,0.8
3.5666666666666362,1.7493546953339288e-55,30,0.8
3.5999999999999694,1.1033902138441012e-56,30,0.8
3.6333333333333027,6.720012817537913e-58,30,0.8
3.666666666666636,3.951713235837803e-59,30,0.8
3.699999999999969,2.2436789055490142e-60,30,0.8
3.7333333333333023,1.2299359580335045e-61,30,0.8
3.7666666666666355,6.509359004522057e-63,30,0.8
3.7999999999999687,3.325953127147566e-64,30,0.8
3.833333333333302,1.6406094549478725e-65,30,0.8
3.866666666666635,7.81259326251355e-67,30,0.8
3.8999999999999684,3.5915055991481e-68,30,0.8
3.9333333333333016,1.5938235965556567e-69,30,0.8
3.966666666666635,6.827755554017055e-71,30,0.8
3.999999999999968,2.8234615315432495e-72,30,0.8
4.033333333333301,1.1270539250526722e-73,30,0.8
4.0666666666666345,4.3426979488665746e-75,30,0.8
4.099999999999968,1.6151777003551375e-76,30,0.8
4.133333333333301,5.798569028601821e-78,30,0.8
4.166666666666634,2.009350327909457e-79,30,0.8
4.199999999999967,6.720779492421857e-81,30,0.8
4.2333333333333005,2.1697414040252026e-82,30,0.8
4.266666666666634,6.761081444790137e-84,30,0.8
4.299999999999967,2.0334806196474534e-85,30,0.8
4.3333333333333,5.903039472082092e-87,30,0.8
4.366666666666633,1.6539389705534518e-88,30,0.8
4.399999999999967,4.472682053022493e-90,30,0.8
4.4333333333333,1.1673959077077391e-91,30,0.8
4.466666666666633,2.9408099115951603e-93,30,0.8
4.499999999999966,7.150092188106695e-95,30,0.8
4.5333333333332995,1.6778366261491553e-96,30,0.8
4.566666666666633,3.799956765839286e-98,30,0.8
4.599999999999966,8.306085027130591e-100,30,0.8
4.633333333333299,1.7522688868646282e-101,30,0.8
4.666666666666632,3.5677125488326654e-103,30,0.8
4.6999999999999655,7.010708206697794e-105,30,0.8
4.733333333333299,1.3295821627598668e-106,30,0.8
4.766666666666632,2.433594184025719e-108,30,0.8
4.799999999999965,4.2989200848338524e-110,30,0.8
4.833333333333298,7.329046256761072e-112,30,0.8
4.866666666666632,1.2058996457523347e-113,30,0.8
4.899999999999965,1.9149141524017731e-115,30,0.8
4.933333333333298,2.9346802511371662e-117,30,0.8
4.966666666666631,4.340548242862512e-119,30,0.8
4.9999999999999645,6.195848228294442e-121,30,0.8
-5.0,3.141168664547159e-121,31,0.8266666666666668
-4.966666666666667,1.4673443940138447e-117,31,0.8266666666666668
-4.933333333333334,9.576740614990374e-116,31,0.8266666666666668
-4.9,6.0309655688046554e-114,31,0.8266666666666668
-4.866666666666667,3.665480585440684e-112,31,0.8266666666666668
-4.833333333333334,2.1500629922305119e-110,31,0.8266666666666668
-4.800000000000001,1.2171635443204727e-108,31,0.8266666666666668
-4.7666666666666675,6.650060273813581e-107,31,0.8266666666666668
-4.733333333333334,3.506570900426155e-105,31,0.8266666666666668
-4.700000000000001,1.784521065490306e-103,31,0.8266666666666668
-4.666666666666668,8.764849788390352e-102,31,0.8266666666666668
-4.633333333333335,4.1548263698227044e-100,31,0.8266666666666668
-4.600000000000001,1.9008545173553483e-98,31,0.8266666666666668
-4.566666666666668,8.393336173225699e-97,31,0.8266666666666668
-4.533333333333335,3.5769460724220314e-95,31,0.8266666666666668
-4.500000000000002,1.4712438741048407e-93,31,0.8266666666666668
-4.466666666666669,5.840554584609998e-92,31,0.8266666666666668
-4.433333333333335,2.2378114314583908e-90,31,0.8266666666666668
-4.400000000000002,8.275531832274033e-89,31,0.8266666666666668
-4.366666666666669,2.9537560770563857e-87,31,0.8266666666666668
-4.333333333333336,1.017567279305184e-85,31,0.8266666666666668
-4.3000000000000025,3.3834922421185063e-84,31,0.8266666666666668
-4.266666666666669,1.0858874423184403e-82,31,0.8266666666666668
-4.233333333333336,3.363770286921078e-81,31,0.8266666666666668
-4.200000000000003,1.005760034653109e-79,31,0.8266666666666668
-4.16666666666667,2.9026449040367997e-78,31,0.8266666666666668
-4.133333333333336,8.085935253386712e-77,31,0.8266666666666668
-4.100000000000003,2.174248258939982e-75,31,0.8266666666666668
-4.06666666666667,5.6433455137457104e-74,31,0.8266666666666668
-4.033333333333337,1.4139021147412305e-72,31,0.8266666666666668
-4.0000000000000036,3.4195130466222134e-71,31,0.8266666666666668
-3.9666666666666703,7.983235290409415e-70,31,0.8266666666666668
-3.933333333333337,1.7991666773451171e-68,31,0.8266666666666668
-3.900000000000004,3.9142657492268525e-67,31,0.8266666666666668
-3.8666666666666707,8.221004802708651e-66,31,0.8266666666666668
-3.8333333333333375,1.6668828601997277e-64,31,0.8266666666666668
-3.8000000000000043,3.2628825495255034e-63,31,0.8266666666666668
-3.766666666666671,6.166309555784031e-62,31,0.8266666666666668
-3.733333333333338,1.1250941322733073e-60,31,0.8266666666666668
-3.7000000000000046,1.9820062977030532e-59,31,0.8266666666666668
-3.6666666666666714,3.3712248032866126e-58,31,0.8266666666666668
-3.633333333333338,5.536709635383284e-57,31,0.8266666666666668
-3.600000000000005,8.780373540731571e-56,31,0.8266666666666668
-3.5666666666666718,1.344585393854618e-54,31,0.8266666666666668
-3.5333333333333385,1.9883646554387121e-53,31,0.8266666666666668
-3.5000000000000053,2.839587452190627e-52,31,0.8266666666666668
-3.466666666666672,3.91639645566551e-51,31,0.8266666666666668
-3.433333333333339,5.21689662270251e-50,31,0.8266666666666668
-3.4000000000000057,6.712054083869645e-49,31,0.8266666666666668
-3.3666666666666725,8.341445051230521e-48,31,0.8266666666666668
-3.3333333333333393,1.0013741925003617e-46,31,0.8266666666666668
-3.300000000000006,1.1613124931180537e-45,31,0.8266666666666668
-3.266666666666673,1.3011565915320772e-44,31,0.8266666666666668
-3.2333333333333396,1.4085422314884235e-43,31,0.8266666666666668
-3.2000000000000064,1.4733438090242395e-42,31,0.8266666666666668
-3.166666666666673,1.4892528925129102e-41,31,0.8266666666666668
-3.13333333333334,1.4547934371980998e-40,31,0.8266666666666668
-3.1000000000000068,1.3735468434447066e-39,31,0.8266666666666668
-3.0666666666666735,1.2535395224732103e-38,31,0.8266666666666668
-3.0333333333333403,1.1059377494688107e-37,31,0.8266666666666668
-3.000000000000007,9.433432384720445e-37,31,0.8266666666666668
-2.966666666666674,7.780477553064056e-36,31,0.8266666666666668
-2.9333333333333407,6.205747528172788e-35,31,0.8266666666666668
-2.9000000000000075,4.787294004358112e-34,31,0.8266666666666668
-2.8666666666666742,3.57235064393977e-33,31,0.8266666666666668
-2.833333333333341,2.5789860383438317e-32,31,0.8266666666666668
-2.800000000000008,1.8015278005590255e-31,31,0.8266666666666668
-2.7666666666666746,1.2178657372514225e-30,31,0.8266666666666668
-2.7333333333333414,7.968875640528757e-30,31,0.8266666666666668
-2.700000000000008,5.047891188138866e-29,31,0.8266666666666668
-2.666666666666675,3.0961197089922953e-28,31,0.8266666666666668
-2.6333333333333417,1.8390913480930206e-27,31,0.8266666666666668
-2.6000000000000085,1.0581642701347887e-26,31,0.8266666666666668
-2.5666666666666753,5.898709615066311e-26,31,0.8266666666666668
-2.533333333333342,3.1864595808969846e-25,31,0.8266666666666668
-2.500000000000009,1.6684147994265746e-24,31,0.8266666666666668
-2.4666666666666757,8.469231046519192e-24,31,0.8266666666666668
-2.4333333333333425,4.16899760477111e-23,31,0.8266666666666668
-2.4000000000000092,1.9905523860517937e-22,31,0.8266666666666668
-2.366666666666676,9.22103239512584e-22,31,0.8266666666666668
-2.333333333333343,4.145358362887129e-21,31,0.8266666666666668
-2.3000000000000096,1.8089920119629586e-20,31,0.8266666666666668
-2.2666666666666764,7.665162012303835e-20,31,0.8266666666666668
-2.233333333333343,3.1545448285993445e-19,31,0.8266666666666668
-2.20000000000001,1.2612627518495565e-18,31,0.8266666666666668
-2.1666666666666767,4.900640312735754e-18,31,0.8266666666666668
-2.1333333333333435,1.8509948420392397e-17,31,0.8266666666666668
-2.1000000000000103,6.79815482760051e-17,31,0.8266666666666668
-2.066666666666677,2.4285109484302254e-16,31,0.8266666666666668
-2.033333333333344,8.440789743765167e-16,31,0.8266666666666668
-2.0000000000000107,2.8553003721953545e-15,31,0.8266666666666668
-1.9666666666666774,9.403262085308025e-15,31,0.8266666666666668
-1.9333333333333442,3.015754429025301e-14,31,0.8266666666666668
-1.900000000000011,9.421865044010275e-14,31,0.8266666666666668
-1.8666666666666778,2.8683614304057425e-13,31,0.8266666666666668
-1.8333333333333446,8.511755780059398e-13,31,0.8266666666666668
-1.8000000000000114,2.4627720560374483e-12,31,0.8266666666666668
-1.7666666666666782,6.949916195588207e-12,31,0.8266666666666668
-1.733333333333345,1.9134379900769334e-11,31,0.8266666666666668
-1.7000000000000117,5.141101555140859e-11,31,0.8266666666666668
-1.6666666666666785,1.3484358460273857e-10,31,0.8266666666666668
-1.6333333333333453,3.4534993203438583e-10,31,0.8266666666666668
-1.600000000000012,8.638985632461693e-10,31,0.8266666666666668
-1.5666666666666789,2.1113273160917818e-09,31,0.8266666666666668
-1.5333333333333456,5.042522334968141e-09,31,0.8266666666666668
-1.5000000000000124,1.1771811210899023e-08,31,0.8266666666666668
-1.4666666666666792,2.686817409340682e-08,31,0.8266666666666668
-1.433333333333346,5.996802624306354e-08,31,0.8266666666666668
-1.4000000000000128,1.3090769519272716e-07,31,0.8266666666666668
-1.3666666666666796,2.79537444024461e-07,31,0.8266666666666668
-1.3333333333333464,5.839789490693068e-07,31,0.8266666666666668
-1.3000000000000131,1.1936485377415654e-06,31,0.8266666666666668
-1.26666666666668,2.3872829030438538e-06,31,0.8266666666666668
-1.2333333333333467,4.671884214603417e-06,31,0.8266666666666668
-1.2000000000000135,8.946247985178359e-06,31,0.8266666666666668
-1.1666666666666803,1.6762505512544123e-05,31,0.8266666666666668
-1.133333333333347,3.0730162786528634e-05,31,0.8266666666666668
-1.1000000000000139,5.5117571203564104e-05,31,0.8266666666666668
-1.0666666666666806,9.671218010707287e-05,31,0.8266666666666668
-1.0333333333333474,0.00016599809435589765,31,0.8266666666666668
-1.0000000000000142,0.0002786907859077431,31,0.8266666666666668
-0.966666666666681,0.0004576275613067021,31,0.8266666666666668
-0.9333333333333478,0.0007349441846571659,31,0.8266666666666668
-0.9000000000000146,0.001154374359705116,31,0.8266666666666668
-0.8666666666666814,0.0017734005787125103,31,0.8266666666666668
-0.8333333333333481,0.0026648848295822963,31,0.8266666666666668
-0.8000000000000149,0.0039177485284451466,31,0.8266666666666668
-0.7666666666666817,0.005636288250178395,31,0.8266666666666668
-0.7333333333333485,0.007937832809717002,31,0.8266666666666668
-0.7000000000000153,0.010948668922169082,31,0.8266666666666668
-0.6666666666666821,0.014798453878706956,31,0.8266666666666668
-0.6333333333333488,0.019613629746962083,31,0.8266666666666668
-0.6000000000000156,0.025510575754122397,31,0.8266666666666668
-0.5666666666666824,0.03258931832426904,31,0.8266666666666668
-0.5333333333333492,0.040928534956920185,31,0.8266666666666668
-0.500000000000016,0.05058236173360806,31,0.8266666666666668
-0.4666666666666828,0.06157920801391365,31,0.8266666666666668
-0.43333333333334956,0.07392247495595347,31,0.8266666666666668
-0.40000000000001634,0.08759283431297013,31,0.8266666666666668
-0.3666666666666831,0.1025515876409932,31,0.8266666666666668
-0.3333333333333499,0.11874459650376962,31,0.8266666666666668
-0.3000000000000167,0.1361063292582312,31,0.8266666666666668
-0.2666666666666835,0.15456367377978686,31,0.8266666666666668
-0.23333333333335027,0.17403928686270476,31,0.8266666666666668
-0.20000000000001705,0.19445436090062557,31,0.8266666666666668
-0.16666666666668384,0.21573077852163355,31,0.8266666666666668
-0.13333333333335062,0.23779268483616225,31,0.8266666666666668
-0.10000000000001741,0.2605675414181787,31,0.8266666666666668
-0.0666666666666842,0.28398674363426857,31,0.8266666666666668
-0.03333333333335098,0.30798586677276973,31,0.8266666666666668
-1.7763568394002505e-14,0.33250462058336,31,0.8266666666666668
0.03333333333331545,0.35748650745192434,31,0.8266666666666668
0.06666666666664867,0.38287823971834367,31,0.8266666666666668
0.09999999999998188,0.4086287328751844,31,0.8266666666666668
0.1333333333333151,0.4346876412370968,31,0.8266666666666668
0.1666666666666483,0.46100276421087466,31,0.8266666666666668
0.19999999999998153,0.48751579777430243,31,0.8266666666666668
0.23333333333331474,0.5141541222352699,31,0.8266666666666668
0.26666666666664796,0.5408155013189236,31,0.8266666666666668
0.29999999999998117,0.5673367980538591,31,0.8266666666666668
0.3333333333333144,0.5934306008436301,31,0.8266666666666668
0.3666666666666476,0.61855162803593,31,0.8266666666666668
0.3999999999999808,0.6416175398528082,31,0.8266666666666668
0.43333333333331403,0.6604357466297764,31,0.8266666666666668
0.46666666666664725,0.6706290199948935,31,0.8266666666666668
0.49999999999998046,0.664086318505136,31,0.8266666666666668
0.5333333333333137,0.6284201355521282,31,0.8266666666666668
0.5666666666666469,0.5518730713791898,31,0.8266666666666668
0.5999999999999801,0.436076924695355,31,0.8266666666666668
0.6333333333333133,0.30421517926588315,31,0.8266666666666668
0.6666666666666465,0.18795795080532884,31,0.8266666666666668
0.6999999999999797,0.10536289782761374,31,0.8266666666666668
0.733333333333313,0.05545242365602696,31,0.8266666666666668
0.7666666666666462,0.028315446217460433,31,0.8266666666666668
0.7999999999999794,0.014395396618198516,31,0.8266666666666668
0.8333333333333126,0.007415536125924064,31,0.8266666666666668
0.8666666666666458,0.003906445402010487,31,0.8266666666666668
0.899999999999979,0.002107691644168611,31,0.8266666666666668
0.9333333333333123,0.001159808751869962,31,0.8266666666666668
0.9666666666666455,0.0006462455238534743,31,0.8266666666666668
0.9999999999999787,0.0003618431492093167,31,0.8266666666666668
1.033333333333312,0.00020224501997201933,31,0.8266666666666668
1.0666666666666451,0.00011226461707313149,31,0.8266666666666668
1.0999999999999783,6.165811703823816e-05,31,0.8266666666666668
1.1333333333333115,3.341625596734977e-05,31,0.8266666666666668
1.1666666666666448,1.7836455311712693e-05,31,0.8266666666666668
1.199999999999978,9.363204372581058e-06,31,0.8266666666666668
1.2333333333333112,4.828739536334577e-06,31,0.8266666666666668
1.2666666666666444,2.44435055178776e-06,31,0.8266666666666668
1.2999999999999776,1.2136945314441981e-06,31,0.8266666666666668
1.3333333333333108,5.907668391335312e-07,31,0.8266666666666668
1.366666666666644,2.8174989312955403e-07,31,0.8266666666666668
1.3999999999999773,1.316008497955763e-07,31,0.8266666666666668
1.4333333333333105,6.017647903766955e-08,31,0.8266666666666668
1.4666666666666437,2.692826607636838e-08,31,0.8266666666666668
1.499999999999977,1.1788394453818835e-08,31,0.8266666666666668
1.5333333333333101,5.046897336459627e-09,31,0.8266666666666668
1.5666666666666433,2.1124292391870575e-09,31,0.8266666666666668
1.5999999999999766,8.641631656370828e-10,31,0.8266666666666668
1.6333333333333098,3.45410425503919e-10,31,0.8266666666666668
1.666666666666643,1.3485673378077157e-10,31,0.8266666666666668
1.6999999999999762,5.141372930781956e-11,31,0.8266666666666668
1.7333333333333094,1.913491095578114e-11,31,0.8266666666666668
1.7666666666666426,6.950014603569395e-12,31,0.8266666666666668
1.7999999999999758,2.4627893018852975e-12,31,0.8266666666666668
1.833333333333309,8.511784327201486e-13,31,0.8266666666666668
1.8666666666666423,2.8683658884820314e-13,31,0.8266666666666668
1.8999999999999755,9.42187160466681e-14,31,0.8266666666666668
1.9333333333333087,3.015755337886906e-14,31,0.8266666666666668
1.966666666666642,9.403263269341456e-15,31,0.8266666666666668
1.9999999999999751,2.8553005171200337e-15,31,0.8266666666666668
2.0333333333333083,8.440789910284222e-16,31,0.8266666666666668
2.0666666666666416,2.4285109663776925e-16,31,0.8266666666666668
2.0999999999999748,6.798154845735001e-17,31,0.8266666666666668
2.133333333333308,1.8509948437566536e-17,31,0.8266666666666668
2.166666666666641,4.900640314261472e-18,31,0.8266666666666668
2.1999999999999744,1.2612627519772358e-18,31,0.8266666666666668
2.2333333333333076,3.1545448287015545e-19,31,0.8266666666666668
2.266666666666641,7.665162012386125e-20,31,0.8266666666666668
2.299999999999974,1.8089920119705507e-20,31,0.8266666666666668
2.3333333333333073,4.145358362896726e-21,31,0.8266666666666668
2.3666666666666405,9.221032395142545e-22,31,0.8266666666666668
2.3999999999999737,1.990552386055179e-22,31,0.8266666666666668
2.433333333333307,4.168997604778177e-23,31,0.8266666666666668
2.46666666666664,8.469231046533754e-24,31,0.8266666666666668
2.4999999999999734,1.668414799429491e-24,31,0.8266666666666668
2.5333333333333066,3.18645958090266e-25,31,0.8266666666666668
2.56666666666664,5.898709615077011e-26,31,0.8266666666666668
2.599999999999973,1.0581642701367442e-26,31,0.8266666666666668
2.633333333333306,1.839091348096482e-27,31,0.8266666666666668
2.6666666666666394,3.0961197089982256e-28,31,0.8266666666666668
2.6999999999999726,5.0478911881487145e-29,31,0.8266666666666668
2.733333333333306,7.968875640544583e-30,31,0.8266666666666668
2.766666666666639,1.2178657372538814e-30,31,0.8266666666666668
2.7999999999999723,1.8015278005627313e-31,31,0.8266666666666668
2.8333333333333055,2.578986038349222e-32,31,0.8266666666666668
2.8666666666666387,3.572350643947369e-33,31,0.8266666666666668
2.899999999999972,4.787294004368454e-34,31,0.8266666666666668
2.933333333333305,6.205747528186419e-35,31,0.8266666666666668
2.9666666666666384,7.780477553081409e-36,31,0.8266666666666668
2.9999999999999716,9.433432384741854e-37,31,0.8266666666666668
3.033333333333305,1.1059377494713605e-37,31,0.8266666666666668
3.066666666666638,1.2535395224761459e-38,31,0.8266666666666668
3.0999999999999712,1.3735468434479794e-39,31,0.8266666666666668
3.1333333333333044,1.454793437201606e-40,31,0.8266666666666668
3.1666666666666377,1.4892528925165603e-41,31,0.8266666666666668
3.199999999999971,1.4733438090278953e-42,31,0.8266666666666668
3.233333333333304,1.4085422314919714e-43,31,0.8266666666666668
3.2666666666666373,1.3011565915354083e-44,31,0.8266666666666668
3.2999999999999705,1.1613124931210617e-45,31,0.8266666666666668
3.3333333333333037,1.0013741925029946e-46,31,0.8266666666666668
3.366666666666637,8.341445051252803e-48,31,0.8266666666666668
3.39999999999997,6.7120540838877764e-49,31,0.8266666666666668
3.4333333333333034,5.216896622716807e-50,31,0.8266666666666668
3.4666666666666366,3.916396455676405e-51,31,0.8266666666666668
3.49999999999997,2.8395874521986043e-52,31,0.8266666666666668
3.533333333333303,1.9883646554443851e-53,31,0.8266666666666668
3.5666666666666362,1.3445853938584916e-54,31,0.8266666666666668
3.5999999999999694,8.780373540757333e-56,31,0.8266666666666668
3.6333333333333027,5.536709635399695e-57,31,0.8266666666666668
3.666666666666636,3.371224803296702e-58,31,0.8266666666666668
3.699999999999969,1.982006297709069e-59,31,0.8266666666666668
3.7333333333333023,1.1250941322767681e-60,31,0.8266666666666668
3.7666666666666355,6.16630955580326e-62,31,0.8266666666666668
3.7999999999999687,3.262882549535768e-63,31,0.8266666666666668
3.833333333333302,1.6668828602050396e-64,31,0.8266666666666668
3.866666666666635,8.221004802735103e-66,31,0.8266666666666668
3.8999999999999684,3.914265749239553e-67,31,0.8266666666666668
3.9333333333333016,1.7991666773510584e-68,31,0.8266666666666668
3.966666666666635,7.983235290436e-70,31,0.8266666666666668
3.999999999999968,3.419513046633791e-71,31,0.8266666666666668
4.033333333333301,1.413902114746058e-72,31,0.8266666666666668
4.0666666666666345,5.643345513765136e-74,31,0.8266666666666668
4.099999999999968,2.1742482589475883e-75,31,0.8266666666666668
4.133333333333301,8.085935253415235e-77,31,0.8266666666666668
4.166666666666634,2.902644904047121e-78,31,0.8266666666666668
4.199999999999967,1.0057600346567412e-79,31,0.8266666666666668
4.2333333333333005,3.3637702869333236e-81,31,0.8266666666666668
4.266666666666634,1.085887442322425e-82,31,0.8266666666666668
4.299999999999967,3.3834922421311093e-84,31,0.8266666666666668
4.3333333333333,1.0175672793090034e-85,31,0.8266666666666668
4.366666666666633,2.953756077067557e-87,31,0.8266666666666668
4.399999999999967,8.275531832305797e-89,31,0.8266666666666668
4.4333333333333,2.2378114314670444e-90,31,0.8266666666666668
4.466666666666633,5.840554584632749e-92,31,0.8266666666666668
4.499999999999966,1.4712438741106548e-93,31,0.8266666666666668
4.5333333333332995,3.576946072436267e-95,31,0.8266666666666668
4.566666666666633,8.393336173259342e-97,31,0.8266666666666668
4.599999999999966,1.9008545173630754e-98,31,0.8266666666666668
4.633333333333299,4.1548263698397117e-100,31,0.8266666666666668
4.666666666666632,8.76484978842649e-102,31,0.8266666666666668
4.6999999999999655,1.7845210654977127e-103,31,0.8266666666666668
4.733333333333299,3.5065709004409096e-105,31,0.8266666666666668
4.766666666666632,6.650060273841751e-107,31,0.8266666666666668
4.799999999999965,1.2171635443256976e-108,31,0.8266666666666668
4.833333333333298,2.1500629922398024e-110,31,0.8266666666666668
4.866666666666632,3.6654805854567366e-112,31,0.8266666666666668
4.899999999999965,6.030965568887242e-114,31,0.8266666666666668
4.933333333333298,9.576741036130297e-116,31,0.8266666666666668
4.966666666666631,1.4676499179799978e-117,31,0.8266666666666668
4.9999999999999645,2.1707065669352553e-119,31,0.8266666666666668
-5.0,1.1010591267903635e-119,32,0.8533333333333334
-4.966666666666667,4.7883860133385096e-116,32,0.8533333333333334
-4.933333333333334,3.0162164565993346e-114,32,0.8533333333333334
-4.9,1.8332191297510916e-112,32,0.8533333333333334
-4.866666666666667,1.0753330443936961e-110,32,0.8533333333333334
-4.833333333333334,6.087650461895083e-109,32,0.8533333333333334
-4.800000000000001,3.3261051684029054e-107,32,0.8533333333333334
-4.7666666666666675,1.753894031985238e-105,32,0.8533333333333334
-4.733333333333334,8.925930357588438e-104,32,0.8533333333333334
-4.700000000000001,4.384178179645389e-102,32,0.8533333333333334
-4.666666666666668,2.0783054454440973e-100,32,0.8533333333333334
-4.633333333333335,9.508655011670936e-99,32,0.8533333333333334
-4.600000000000001,4.198745499797761e-97,32,0.8533333333333334
-4.566666666666668,1.7894234634696934e-95,32,0.8533333333333334
-4.533333333333335,7.360416038610816e-94,32,0.8533333333333334
-4.500000000000002,2.9220657653412097e-92,32,0.8533333333333334
-4.466666666666669,1.1196413376662477e-90,32,0.8533333333333334
-4.433333333333335,4.140686193429321e-89,32,0.8533333333333334
-4.400000000000002,1.477996944243922e-87,32,0.8533333333333334
-4.366666666666669,5.091974162442057e-86,32,0.8533333333333334
-4.333333333333336,1.6932229990977814e-84,32,0.8533333333333334
-4.3000000000000025,5.434525047988727e-83,32,0.8533333333333334
-4.266666666666669,1.6835768895815983e-81,32,0.8533333333333334
-4.233333333333336,5.034229610477137e-80,32,0.8533333333333334
-4.200000000000003,1.4530043371618603e-78,32,0.8533333333333334
-4.16666666666667,4.0479964268666215e-77,32,0.8533333333333334
-4.133333333333336,1.0885754519220094e-75,32,0.8533333333333334
-4.100000000000003,2.8257157244995488e-74,32,0.8533333333333334
-4.06666666666667,7.080381815000852e-73,32,0.8533333333333334
-4.033333333333337,1.7125781960679795e-71,32,0.8533333333333334
-4.0000000000000036,3.998687155778414e-70,32,0.8533333333333334
-3.9666666666666703,9.012930951958697e-69,32,0.8533333333333334
-3.933333333333337,1.961124492258631e-67,32,0.8533333333333334
-3.900000000000004,4.1194982347410513e-66,32,0.8533333333333334
-3.8666666666666707,8.353985629744773e-65,32,0.8533333333333334
-3.8333333333333375,1.635551777164106e-63,32,0.8533333333333334
-3.8000000000000043,3.091489192193014e-62,32,0.8533333333333334
-3.766666666666671,5.641785074114164e-61,32,0.8533333333333334
-3.733333333333338,9.940863036294186e-60,32,0.8533333333333334
-3.7000000000000046,1.691237872304673e-58,32,0.8533333333333334
-3.6666666666666714,2.7782648491801576e-57,32,0.8533333333333334
-3.633333333333338,4.407042894382218e-56,32,0.8533333333333334
-3.600000000000005,6.750610517450007e-55,32,0.8533333333333334
-3.5666666666666718,9.985725144897218e-54,32,0.8533333333333334
-3.5333333333333385,1.4265166530645865e-52,32,0.8533333333333334
-3.5000000000000053,1.9681400511099487e-51,32,0.8533333333333334
-3.466666666666672,2.622646248612208e-50,32,0.8533333333333334
-3.433333333333339,3.3756090242131503e-49,32,0.8533333333333334
-3.4000000000000057,4.196807008728773e-48,32,0.8533333333333334
-3.3666666666666725,5.040431232921157e-47,32,0.8533333333333334
-3.3333333333333393,5.848269690846421e-46,32,0.8533333333333334
-3.300000000000006,6.555851667285404e-45,32,0.8533333333333334
-3.266666666666673,7.100776782098021e-44,32,0.8533333333333334
-3.2333333333333396,7.431776874697801e-43,32,0.8533333333333334
-3.2000000000000064,7.516691574138972e-42,32,0.8533333333333334
-3.166666666666673,7.347634376441711e-41,32,0.8533333333333334
-3.13333333333334,6.942196861849178e-40,32,0.8533333333333334
-3.1000000000000068,6.340437284225956e-39,32,0.8533333333333334
-3.0666666666666735,5.598366089516289e-38,32,0.8533333333333334
-3.0333333333333403,4.779393168483883e-37,32,0.8533333333333334
-3.000000000000007,3.945535664005469e-36,32,0.8533333333333334
-2.966666666666674,3.150040926009996e-35,32,0.8533333333333334
-2.9333333333333407,2.4325493899443763e-34,32,0.8533333333333334
-2.9000000000000075,1.8172040596107487e-33,32,0.8533333333333334
-2.8666666666666742,1.3134294891937063e-32,32,0.8533333333333334
-2.833333333333341,9.186256534992116e-32,32,0.8533333333333334
-2.800000000000008,6.218277988174304e-31,32,0.8533333333333334
-2.7666666666666746,4.07451421029233e-30,32,0.8533333333333334
-2.7333333333333414,2.584838880932004e-29,32,0.8533333333333334
-2.700000000000008,1.5879042326987914e-28,32,0.8533333333333334
-2.666666666666675,9.447851299872046e-28,32,0.8533333333333334
-2.6333333333333417,5.445627336123558e-27,32,0.8533333333333334
-2.6000000000000085,3.041309374937807e-26,32,0.8533333333333334
-2.5666666666666753,1.6461380039552317e-25,32,0.8533333333333334
-2.533333333333342,8.637009477886189e-25,32,0.8533333333333334
-2.500000000000009,4.393938502304445e-24,32,0.8533333333333334
-2.4666666666666757,2.1679195423568837e-23,32,0.8533333333333334
-2.4333333333333425,1.0376223482584928e-22,32,0.8533333333333334
-2.4000000000000092,4.818966077801476e-22,32,0.8533333333333334
-2.366666666666676,2.172206800746154e-21,32,0.8533333333333334
-2.333333333333343,9.506011679571086e-21,32,0.8533333333333334
-2.3000000000000096,4.039848924296274e-20,32,0.8533333333333334
-2.2666666666666764,1.6677220148978202e-19,32,0.8533333333333334
-2.233333333333343,6.689571859862974e-19,32,0.8533333333333334
-2.20000000000001,2.6080473977978445e-18,32,0.8533333333333334
-2.1666666666666767,9.885605586120976e-18,32,0.8533333333333334
-2.1333333333333435,3.644109429437043e-17,32,0.8533333333333334
-2.1000000000000103,1.3068052163170747e-16,32,0.8533333333333334
-2.066666666666677,4.560302613262608e-16,32,0.8533333333333334
-2.033333333333344,1.5490757335191869e-15,32,0.8533333333333334
-2.0000000000000107,5.123670529842254e-15,32,0.8533333333333334
-1.9666666666666774,1.6506422331224002e-14,32,0.8533333333333334
-1.9333333333333442,5.1810956262703625e-14,32,0.8533333333333334
-1.900000000000011,1.5849684366539736e-13,32,0.8533333333333334
-1.8666666666666778,4.726971142228782e-13,32,0.8533333333333334
-1.8333333333333446,1.3748040995378148e-12,32,0.8533333333333334
-1.8000000000000114,3.900545886787559e-12,32,0.8533333333333334
-1.7666666666666782,1.079857597833138e-11,32,0.8533333333333334
-1.733333333333345,2.918046587297944e-11,32,0.8533333333333334
-1.7000000000000117,7.698898224819061e-11,32,0.8533333333333334
-1.6666666666666785,1.9838047376957252e-10,32,0.8533333333333334
-1.6333333333333453,4.993710737788263e-10,32,0.8533333333333334
-1.600000000000012,1.2283386231953966e-09,32,0.8533333333333334
-1.5666666666666789,2.9532104441710134e-09,32,0.8533333333333334
-1.5333333333333456,6.941569236671835e-09,32,0.8533333333333334
-1.5000000000000124,1.5955348074893133e-08,32,0.8533333333333334
-1.4666666666666792,3.586991803546356e-08,32,0.8533333333333334
-1.433333333333346,7.88879313600818e-08,32,0.8533333333333334
-1.4000000000000128,1.697527202247586e-07,32,0.8533333333333334
-1.3666666666666796,3.5744325735209933e-07,32,0.8533333333333334
-1.3333333333333464,7.365927215518834e-07,32,0.8533333333333334
-1.3000000000000131,1.485629854438931e-06,32,0.8533333333333334
-1.26666666666668,2.9327622958314346e-06,32,0.8533333333333334
-1.2333333333333467,5.666750576864436e-06,32,0.8533333333333334
-1.2000000000000135,1.0717143032555981e-05,32,0.8533333333333334
-1.1666666666666803,1.983803252434312e-05,32,0.8533333333333334
-1.133333333333347,3.593948696504125e-05,32,0.8533333333333334
-1.1000000000000139,6.371948966622551e-05,32,0.8533333333333334
-1.0666666666666806,0.000110552929295596,32,0.8533333333333334
-1.0333333333333474,0.00018768781994573421,32,0.8533333333333334
-1.0000000000000142,0.00031177645430779233,32,0.8533333333333334
-0.966666666666681,0.0005067249904023723,32,0.8533333333333334
-0.9333333333333478,0.0008057763290704136,32,0.8533333333333334
-0.9000000000000146,0.0012536514203532348,32,0.8533333333333334
-0.8666666666666814,0.0019084757884451876,32,0.8533333333333334
-0.8333333333333481,0.0028431337927949172,32,0.8533333333333334
-0.8000000000000149,0.0041456533130635135,32,0.8533333333333334
-0.7666666666666817,0.005918258581844497,32,0.8533333333333334
-0.7333333333333485,0.008274857464988104,32,0.8533333333333334
-0.7000000000000153,0.01133694633471494,32,0.8533333333333334
-0.6666666666666821,0.015228185110428854,32,0.8533333333333334
-0.6333333333333488,0.020068155768793356,32,0.8533333333333334
-0.6000000000000156,0.02596600019621764,32,0.8533333333333334
-0.5666666666666824,0.033014684255838686,32,0.8533333333333334
-0.5333333333333492,0.04128653769899674,32,0.8533333333333334
-0.500000000000016,0.05083050070823672,32,0.8533333333333334
-0.4666666666666828,0.061671226947767964,32,0.8533333333333334
-0.43333333333334956,0.07380992001077016,32,0.8533333333333334
-0.40000000000001634,0.08722657213365839,32,0.8533333333333334
-0.3666666666666831,0.10188316049319715,32,0.8533333333333334
-0.3333333333333499,0.11772733750231987,32,0.8533333333333334
-0.3000000000000167,0.13469620513108596,32,0.8533333333333334
-0.2666666666666835,0.1527198599589622,32,0.8533333333333334
-0.23333333333335027,0.17172450349601295,32,0.8533333333333334
-0.20000000000001705,0.19163501360619492,32,0.8533333333333334
-0.16666666666668384,0.21237695037072998,32,0.8533333333333334
-0.13333333333335062,0.23387802500207333,32,0.8533333333333334
-0.10000000000001741,0.2560690923155343,32,0.8533333333333334
-0.0666666666666842,0.2788847339972622,32,0.8533333333333334
-0.03333333333335098,0.30226351167895665,32,0.8533333333333334
-1.7763568394002505e-14,0.3261479253366669,32,0.8533333333333334
0.03333333333331545,0.35048414540274514,32,0.8533333333333334
0.06666666666664867,0.37522145249935357,32,0.8533333333333334
0.09999999999998188,0.4003114206788295,32,0.8533333333333334
0.1333333333333151,0.4257065270872518,32,0.8533333333333334
0.1666666666666483,0.4513580579786509,32,0.8533333333333334
0.19999999999998153,0.4772122606627816,32,0.8533333333333334
0.23333333333331474,0.5032036988691482,32,0.8533333333333334
0.26666666666664796,0.5292421439416676,32,0.8533333333333334
0.29999999999998117,0.5551873567711182,32,0.8533333333333334
0.3333333333333144,0.5807971982209157,32,0.8533333333333334
0.3666666666666476,0.6056214324623916,32,0.8533333333333334
0.3999999999999808,0.628779835556747,32,0.8533333333333334
0.43333333333331403,0.6485092369213427,32,0.8533333333333334
0.46666666666664725,0.6612939799676013,32,0.8533333333333334
0.49999999999998046,0.660490860911902,32,0.8533333333333334
0.5333333333333137,0.6352690452446039,32,0.8533333333333334
0.5666666666666469,0.573198286626861,32,0.8533333333333334
0.5999999999999801,0.4704475276460819,32,0.8533333333333334
0.6333333333333133,0.3429844163465059,32,0.8533333333333334
0.6666666666666465,0.2210781455581767,32,0.8533333333333334
0.6999999999999797,0.12815583122700008,32,0.8533333333333334
0.733333333333313,0.06889908717136474,32,0.8533333333333334
0.7666666666666462,0.03549745890621919,32,0.8533333333333334
0.7999999999999794,0.01801484603538405,32,0.8533333333333334
0.8333333333333126,0.009189314435727772,32,0.8533333333333334
0.8666666666666458,0.004771723447439935,32,0.8533333333333334
0.899999999999979,0.0025359101088078197,32,0.8533333333333334
0.9333333333333123,0.0013777735301690021,32,0.8533333333333334
0.9666666666666455,0.0007610687957148962,32,0.8533333333333334
0.9999999999999787,0.00042432061795854626,32,0.8533333333333334
1.033333333333312,0.00023707754856530072,32,0.8533333333333334
1.0666666666666451,0.0001319589887700701,32,0.8533333333333334
1.0999999999999783,7.284273385985737e-05,32,0.8533333333333334
1.1333333333333115,3.974798289182715e-05,32,0.8533333333333334
1.1666666666666448,2.1389935965278763e-05,32,0.8533333333333334
1.199999999999978,1.1332656388506151e-05,32,0.8533333333333334
1.2333333333333112,5.90379380113371e-06,32,0.8533333333333334
1.2666666666666444,3.0212214026236063e-06,32,0.8533333333333334
1.2999999999999776,1.517559820629478e-06,32,0.8533333333333334
1.3333333333333108,7.477224910211587e-07,32,0.8533333333333334
1.366666666666644,3.6118391080188864e-07,32,0.8533333333333334
1.3999999999999773,1.7096320123597052e-07,32,0.8533333333333334
1.4333333333333105,7.926456125470278e-08,32,0.8533333333333334
1.4666666666666437,3.598243744219267e-08,32,0.8533333333333334
1.499999999999977,1.5987581846346072e-08,32,0.8533333333333334
1.5333333333333101,6.950411873403723e-09,32,0.8533333333333334
1.5666666666666433,2.955530255993234e-09,32,0.8533333333333334
1.5999999999999766,1.228919833214098e-09,32,0.8533333333333334
1.6333333333333098,4.995099498546455e-10,32,0.8533333333333334
1.666666666666643,1.9841207742920227e-10,32,0.8533333333333334
1.6999999999999762,7.699582237184039e-11,32,0.8533333333333334
1.7333333333333094,2.918187195621349e-11,32,0.8533333333333334
1.7666666666666426,1.0798850128905235e-11,32,0.8533333333333334
1.7999999999999758,3.900596518154287e-12,32,0.8533333333333334
1.833333333333309,1.3748129453679469e-12,32,0.8533333333333334
1.8666666666666423,4.726985743835514e-13,32,0.8533333333333334
1.8999999999999755,1.5849707111355238e-13,32,0.8533333333333334
1.9333333333333087,5.1810989658006533e-14,32,0.8533333333333334
1.966666666666642,1.6506426947994727e-14,32,0.8533333333333334
1.9999999999999751,5.123671130184957e-15,32,0.8533333333333334
2.0333333333333083,1.549075806878903e-15,32,0.8533333333333334
2.0666666666666416,4.560302697428862e-16,32,0.8533333333333334
2.0999999999999748,1.306805225376679e-16,32,0.8533333333333334
2.133333333333308,3.6441094385805743e-17,32,0.8533333333333334
2.166666666666641,9.885605594771887e-18,32,0.8533333333333334
2.1999999999999744,2.6080473985658137e-18,32,0.8533333333333334
2.2333333333333076,6.689571860505486e-19,32,0.8533333333333334
2.266666666666641,1.6677220149493047e-19,32,0.8533333333333334
2.299999999999974,4.039848924337899e-20,32,0.8533333333333334
2.3333333333333073,9.506011679609881e-21,32,0.8533333333333334
2.3666666666666405,2.172206800751122e-21,32,0.8533333333333334
2.3999999999999737,4.818966077810181e-22,32,0.8533333333333334
2.433333333333307,1.0376223482602583e-22,32,0.8533333333333334
2.46666666666664,2.167919542360563e-23,32,0.8533333333333334
2.4999999999999734,4.39393850231201e-24,32,0.8533333333333334
2.5333333333333066,8.637009477901305e-25,32,0.8533333333333334
2.56666666666664,1.6461380039581672e-25,32,0.8533333333333334
2.599999999999973,3.0413093749433295e-26,32,0.8533333333333334
2.633333333333306,5.445627336133632e-27,32,0.8533333333333334
2.6666666666666394,9.447851299889846e-28,32,0.8533333333333334
2.6999999999999726,1.5879042327018357e-28,32,0.8533333333333334
2.733333333333306,2.584838880937051e-29,32,0.8533333333333334
2.766666666666639,4.074514210300428e-30,32,0.8533333333333334
2.7999999999999723,6.218277988186868e-31,32,0.8533333333333334
2.8333333333333055,9.186256535011025e-32,32,0.8533333333333334
2.8666666666666387,1.313429489196453e-32,32,0.8533333333333334
2.899999999999972,1.8172040596146167e-33,32,0.8533333333333334
2.933333333333305,2.432549389949634e-34,32,0.8533333333333334
2.9666666666666384,3.150040926016919e-35,32,0.8533333333333334
2.9999999999999716,3.945535664014272e-36,32,0.8533333333333334
3.033333333333305,4.779393168494734e-37,32,0.8533333333333334
3.066666666666638,5.598366089529201e-38,32,0.8533333333333334
3.0999999999999712,6.34043728424081e-39,32,0.8533333333333334
3.1333333333333044,6.942196861865725e-40,32,0.8533333333333334
3.1666666666666377,7.347634376459425e-41,32,0.8533333333333334
3.199999999999971,7.5166915741574e-42,32,0.8533333333333334
3.233333333333304,7.431776874716248e-43,32,0.8533333333333334
3.2666666666666373,7.10077678211591e-44,32,0.8533333333333334
3.2999999999999705,6.555851667302191e-45,32,0.8533333333333334
3.3333333333333037,5.8482696908615725e-46,32,0.8533333333333334
3.366666666666637,5.040431232934412e-47,32,0.8533333333333334
3.39999999999997,4.1968070087399857e-48,32,0.8533333333333334
3.4333333333333034,3.3756090242222702e-49,32,0.8533333333333334
3.4666666666666366,2.622646248619396e-50,32,0.8533333333333334
3.49999999999997,1.9681400511154244e-51,32,0.8533333333333334
3.533333333333303,1.4265166530685947e-52,32,0.8533333333333334
3.5666666666666362,9.985725144925713e-54,32,0.8533333333333334
3.5999999999999694,6.750610517469457e-55,32,0.8533333333333334
3.6333333333333027,4.40704289439515e-56,32,0.8533333333333334
3.666666666666636,2.778264849188393e-57,32,0.8533333333333334
3.699999999999969,1.691237872309735e-58,32,0.8533333333333334
3.7333333333333023,9.940863036324361e-60,32,0.8533333333333334
3.7666666666666355,5.641785074131519e-61,32,0.8533333333333334
3.7999999999999687,3.091489192202655e-62,32,0.8533333333333334
3.833333333333302,1.6355517771692515e-63,32,0.8533333333333334
3.866666666666635,8.353985629771397e-65,32,0.8533333333333334
3.8999999999999684,4.119498234754307e-66,32,0.8533333333333334
3.9333333333333016,1.9611244922649947e-67,32,0.8533333333333334
3.966666666666635,9.012930951988461e-69,32,0.8533333333333334
3.999999999999968,3.99868715579173e-70,32,0.8533333333333334
4.033333333333301,1.7125781960737781e-71,32,0.8533333333333334
4.0666666666666345,7.080381815025028e-73,32,0.8533333333333334
4.099999999999968,2.825715724509276e-74,32,0.8533333333333334
4.133333333333301,1.0885754519258177e-75,32,0.8533333333333334
4.166666666666634,4.0479964268809016e-77,32,0.8533333333333334
4.199999999999967,1.4530043371670273e-78,32,0.8533333333333334
4.2333333333333005,5.0342296104953184e-80,32,0.8533333333333334
4.266666666666634,1.6835768895877273e-81,32,0.8533333333333334
4.299999999999967,5.4345250480086696e-83,32,0.8533333333333334
4.3333333333333,1.6932229991040884e-84,32,0.8533333333333334
4.366666666666633,5.09197416246117e-86,32,0.8533333333333334
4.399999999999967,1.4779969442495121e-87,32,0.8533333333333334
4.4333333333333,4.140686193445215e-89,32,0.8533333333333334
4.466666666666633,1.1196413376705776e-90,32,0.8533333333333334
4.499999999999966,2.9220657653525925e-92,32,0.8533333333333334
4.5333333333332995,7.360416038639903e-94,32,0.8533333333333334
4.566666666666633,1.789423463476815e-95,32,0.8533333333333334
4.599999999999966,4.198745499814591e-97,32,0.8533333333333334
4.633333333333299,9.50865501170959e-99,32,0.8533333333333334
4.666666666666632,2.0783054454526047e-100,32,0.8533333333333334
4.6999999999999655,4.384178179663465e-102,32,0.8533333333333334
4.733333333333299,8.925930357625484e-104,32,0.8533333333333334
4.766666666666632,1.7538940319926175e-105,32,0.8533333333333334
4.799999999999965,3.3261051684169956e-107,32,0.8533333333333334
4.833333333333298,6.087650461921217e-109,32,0.8533333333333334
4.866666666666632,1.0753330443983455e-110,32,0.8533333333333334
4.899999999999965,1.8332191297801748e-112,32,0.8533333333333334
4.933333333333298,3.016216609402611e-114,32,0.8533333333333334
4.966666666666631,4.7894558713486165e-116,32,0.8533333333333334
4.9999999999999645,7.339820174232263e-118,32,0.8533333333333334
-5.0,3.7249630434556495e-118,33,0.88
-4.966666666666667,1.5081137335953013e-114,33,0.88
-4.933333333333334,9.168489841762128e-113,33,0.88
-4.9,5.3781733301967806e-111,33,0.88
-4.866666666666667,3.0447418405124173e-109,33,0.88
-4.833333333333334,1.6635902507236497e-107,33,0.88
-4.800000000000001,8.772513985157136e-106,33,0.88
-4.7666666666666675,4.46462823137842e-104,33,0.88
-4.733333333333334,2.192966036838687e-102,33,0.88
-4.700000000000001,1.0395990192399281e-100,33,0.88
-4.666666666666668,4.756519594925291e-99,33,0.88
-4.633333333333335,2.1004119026216026e-97,33,0.88
-4.600000000000001,8.951871644854302e-96,33,0.88
-4.566666666666668,3.682307392055307e-94,33,0.88
-4.533333333333335,1.4619275944023398e-92,33,0.88
-4.500000000000002,5.601886896350544e-91,33,0.88
-4.466666666666669,2.071804129597331e-89,33,0.88
-4.433333333333335,7.395582927907941e-88,33,0.88
-4.400000000000002,2.548057424317743e-86,33,0.88
-4.366666666666669,8.473504980210126e-85,33,0.88
-4.333333333333336,2.7198085110755845e-83,33,0.88
-4.3000000000000025,8.42635056290348e-82,33,0.88
-4.266666666666669,2.519832067762563e-80,33,0.88
-4.233333333333336,7.273439570257209e-79,33,0.88
-4.200000000000003,2.0265153282385493e-77,33,0.88
-4.16666666666667,5.450142281295856e-76,33,0.88
-4.133333333333336,1.4148818604632077e-74,33,0.88
-4.100000000000003,3.5456337847600365e-73,33,0.88
-4.06666666666667,8.577019558962395e-72,33,0.88
-4.033333333333337,2.0028837687967072e-70,33,0.88
-4.0000000000000036,4.5150283669596887e-69,33,0.88
-3.9666666666666703,9.825615897072047e-68,33,0.88
-3.933333333333337,2.064255582846505e-66,33,0.88
-3.900000000000004,4.18679843733368e-65,33,0.88
-3.8666666666666707,8.198356376994235e-64,33,0.88
-3.8333333333333375,1.5499215889113794e-62,33,0.88
-3.8000000000000043,2.8290702959429026e-61,33,0.88
-3.766666666666671,4.985888964108058e-60,33,0.88
-3.733333333333338,8.484398286893936e-59,33,0.88
-3.7000000000000046,1.3941028561082258e-57,33,0.88
-3.6666666666666714,2.2119776365526324e-56,33,0.88
-3.633333333333338,3.389196582970904e-55,33,0.88
-3.600000000000005,5.01489778692052e-54,33,0.88
-3.5666666666666718,7.166336317910183e-53,33,0.88
-3.5333333333333385,9.89062888127423e-52,33,0.88
-3.5000000000000053,1.318455707571427e-50,33,0.88
-3.466666666666672,1.6976452123621249e-49,33,0.88
-3.433333333333339,2.1115167356074478e-48,33,0.88
-3.4000000000000057,2.537093661581644e-47,33,0.88
-3.3666666666666725,2.9451188804668543e-46,33,0.88
-3.3333333333333393,3.303127989807308e-45,33,0.88
-3.300000000000006,3.5796297395032424e-44,33,0.88
-3.266666666666673,3.748667695685328e-43,33,0.88
-3.2333333333333396,3.793849670979976e-42,33,0.88
-3.2000000000000064,3.7109760725943446e-41,33,0.88
-3.166666666666673,3.5086818887952838e-40,33,0.88
-3.13333333333334,3.2069568139951865e-39,33,0.88
-3.1000000000000068,2.8338940290673903e-38,33,0.88
-3.0666666666666735,2.4213987706630713e-37,33,0.88
-3.0333333333333403,2.0007596624503158e-36,33,0.88
-3.000000000000007,1.5989174288474174e-35,33,0.88
-2.966666666666674,1.2360023732922154e-34,33,0.88
-2.9333333333333407,9.243522344354243e-34,33,0.88
-2.9000000000000075,6.68877491546575e-33,33,0.88
-2.8666666666666742,4.6839884704765955e-32,33,0.88
-2.833333333333341,3.1748104685468375e-31,33,0.88
-2.800000000000008,2.0831883878211254e-30,33,0.88
-2.7666666666666746,1.3235108304068735e-29,33,0.88
-2.7333333333333414,8.143246874008573e-29,33,0.88
-2.700000000000008,4.853167593982623e-28,33,0.88
-2.666666666666675,2.8022088796967185e-27,33,0.88
-2.6333333333333417,1.5678939439682635e-26,33,0.88
-2.6000000000000085,8.502971386582337e-26,33,0.88
-2.5666666666666753,4.4705702076899845e-25,33,0.88
-2.533333333333342,2.279276151349984e-24,33,0.88
-2.500000000000009,1.1271448185678728e-23,33,0.88
-2.4666666666666757,5.407808666407686e-23,33,0.88
-2.4333333333333425,2.517879016018582e-22,33,0.88
-2.4000000000000092,1.1379845177860017e-21,33,0.88
-2.366666666666676,4.993954143675617e-21,33,0.88
-2.333333333333343,2.1285348021854448e-20,33,0.88
-2.3000000000000096,8.813910658467656e-20,33,0.88
-2.2666666666666764,3.546778376146301e-19,33,0.88
-2.233333333333343,1.3874097996438132e-18,33,0.88
-2.20000000000001,5.277281386053637e-18,33,0.88
-2.1666666666666767,1.9524570846084137e-17,33,0.88
-2.1333333333333435,7.028306360891422e-17,33,0.88
-2.1000000000000103,2.462356778103155e-16,33,0.88
-2.066666666666677,8.398781275754467e-16,33,0.88
-2.033333333333344,2.789850395584252e-15,33,0.88
-2.0000000000000107,9.02774903237154e-15,33,0.88
-1.9666666666666774,2.8467313396272407e-14,33,0.88
-1.9333333333333442,8.750163299830571e-14,33,0.88
-1.900000000000011,2.6225403524274677e-13,33,0.88
-1.8666666666666778,7.66650471601233e-13,33,0.88
-1.8333333333333446,2.1866215005022205e-12,33,0.88
-1.8000000000000114,6.086690038911653e-12,33,0.88
-1.7666666666666782,1.654050587971624e-11,33,0.88
-1.733333333333345,4.389377911209886e-11,33,0.88
-1.7000000000000117,1.1378046981357531e-10,33,0.88
-1.6666666666666785,2.881800279648196e-10,33,0.88
-1.6333333333333453,7.133595481885924e-10,33,0.88
-1.600000000000012,1.7262907572805039e-09,33,0.88
-1.5666666666666789,4.084953920598302e-09,33,0.88
-1.5333333333333456,9.454279210361737e-09,33,0.88
-1.5000000000000124,2.140574338837457e-08,33,0.88
-1.4666666666666792,4.7421638523740955e-08,33,0.88
-1.433333333333346,1.0281131362424407e-07,33,0.88
-1.4000000000000128,2.1816557004761527e-07,33,0.88
-1.3666666666666796,4.531726181377507e-07,33,0.88
-1.3333333333333464,9.215361400294388e-07,33,0.88
-1.3000000000000131,1.8346758969864897e-06,33,0.88
-1.26666666666668,3.5761842346584766e-06,33,0.88
-1.2333333333333467,6.824931412981689e-06,33,0.88
-1.2000000000000135,1.275231926350931e-05,33,0.88
-1.1666666666666803,2.3328079640884908e-05,33,0.88
-1.133333333333347,4.177802777011854e-05,33,0.88
-1.1000000000000139,7.324402206962813e-05,33,0.88
-1.0666666666666806,0.00012569742149710133,33,0.88
-1.0333333333333474,0.0002111476952802372,33,0.88
-1.0000000000000142,0.0003471620964744248,33,0.88
-0.966666666666681,0.0005586659775020971,33,0.88
-0.9333333333333478,0.0008799252310442325,33,0.88
-0.9000000000000146,0.0013565274578892824,33,0.88
-0.8666666666666814,0.0020470902529980805,33,0.88
-0.8333333333333481,0.003024355718442944,33,0.88
-0.8000000000000149,0.004375307712344139,33,0.88
-0.7666666666666817,0.006199998024091057,33,0.88
-0.7333333333333485,0.008608902344768792,33,0.88
-0.7000000000000153,0.011718836416570157,33,0.88
-0.6666666666666821,0.015647710147001278,33,0.88
-0.6333333333333488,0.020508625544436748,33,0.88
-0.6000000000000156,0.026403972312205586,33,0.88
-0.5666666666666824,0.03342019994181105,33,0.88
-0.5333333333333492,0.04162383839689024,33,0.88
-0.500000000000016,0.051059129915767866,33,0.88
-0.4666666666666828,0.0617473774615542,33,0.88
-0.43333333333334956,0.07368787261012413,33,0.88
-0.40000000000001634,0.0868600854319664,33,0.88
-0.3666666666666831,0.10122670459614977,33,0.88
-0.3333333333333499,0.11673710495521496,33,0.88
-0.3000000000000167,0.13333087280454106,33,0.88
-0.2666666666666835,0.15094110682870215,33,0.88
-0.23333333333335027,0.16949731221978628,33,0.88
-0.20000000000001705,0.1889277941438076,33,0.88
-0.16666666666668384,0.20916152887632936,33,0.88
-0.13333333333335062,0.23012953914502615,33,0.88
-0.10000000000001741,0.25176582664409713,33,0.88
-0.0666666666666842,0.2740079319066068,33,0.88
-0.03333333333335098,0.2967971747980269,33,0.88
-1.7763568394002505e-14,0.3200786474036113,33,0.88
0.03333333333331545,0.34380095507514774,33,0.88
0.06666666666664867,0.36791576357134526,33,0.88
0.09999999999998188,0.3923770080355098,33,0.88
0.1333333333333151,0.4171397667334689,33,0.88
0.1666666666666483,0.442158294970578,33,0.88
0.19999999999998153,0.4673829052132329,33,0.88
0.23333333333331474,0.4927540612628066,33,0.88
0.26666666666664796,0.5181917201075515,33,0.88
0.29999999999998117,0.543574043373833,33,0.88
0.3333333333333144,0.5686955309488954,33,0.88
0.3666666666666476,0.5931807776605306,33,0.88
0.3999999999999808,0.6163079525089665,33,0.88
0.43333333333331403,0.6366477784944501,33,0.88
0.46666666666664725,0.6513632595214537,33,0.88
0.49999999999998046,0.6550301062251825,33,0.88
0.5333333333333137,0.6383829540806167,33,0.88
0.5666666666666469,0.5893074631608788,33,0.88
0.5999999999999801,0.5002749446737667,33,0.88
0.6333333333333133,0.38025190256710306,33,0.88
0.6666666666666465,0.255813002342567,33,0.88
0.6999999999999797,0.15381430881084973,33,0.88
0.733333333333313,0.08485941456434656,33,0.88
0.7666666666666462,0.04434147651044814,33,0.88
0.7999999999999794,0.02257851188877349,33,0.88
0.8333333333333126,0.011453637808015942,33,0.88
0.8666666666666458,0.00587821480421154,33,0.88
0.899999999999979,0.0030789227057561514,33,0.88
0.9333333333333123,0.0016496597751349865,33,0.88
0.9666666666666455,0.0009013907164464962,33,0.88
0.9999999999999787,0.0004991777761296539,33,0.88
1.033333333333312,0.0002781723303267297,33,0.88
1.0666666666666451,0.00015497032115261057,33,0.88
1.0999999999999783,8.585665248546327e-05,33,0.88
1.1333333333333115,4.711730461947118e-05,33,0.88
1.1666666666666448,2.554060993477528e-05,33,0.88
1.199999999999978,1.3646949418122106e-05,33,0.88
1.2333333333333112,7.17696275582929e-06,33,0.88
1.2666666666666444,3.710683321240281e-06,33,0.88
1.2999999999999776,1.8844736605603507e-06,33,0.88
1.3333333333333108,9.393723002224816e-07,33,0.88
1.366666666666644,4.593429521006661e-07,33,0.88
1.3999999999999773,2.2022426086248504e-07,33,0.88
1.4333333333333105,1.0347282492581768e-07,33,0.88
1.4666666666666437,4.7626072755978006e-08,33,0.88
1.499999999999977,2.1466424907083713e-08,33,0.88
1.5333333333333101,9.471556100543176e-09,33,0.88
1.5666666666666433,4.089665862668507e-09,33,0.88
1.5999999999999766,1.7275201046210694e-09,33,0.88
1.6333333333333098,7.136659556158255e-10,33,0.88
1.666666666666643,2.882528861619593e-10,33,0.88
1.6999999999999762,1.1379697470041104e-10,33,0.88
1.7333333333333094,4.389733625153516e-11,33,0.88
1.7666666666666426,1.6541234237351163e-11,33,0.88
1.7999999999999758,6.086831537159536e-12,33,0.88
1.833333333333309,2.1866475462719176e-12,33,0.88
1.8666666666666423,7.666550082411226e-13,33,0.88
1.8999999999999755,2.6225478202082313e-13,33,0.88
1.9333333333333087,8.750174903077853e-14,33,0.88
1.966666666666642,2.846733039409628e-14,33,0.88
1.9999999999999751,9.027751377436869e-15,33,0.88
2.0333333333333083,2.7898506999639266e-15,33,0.88
2.0666666666666416,8.398781647082859e-16,33,0.88
2.0999999999999748,2.46235682064346e-16,33,0.88
2.133333333333308,7.02830640662199e-17,33,0.88
2.166666666666641,1.9524570892185778e-17,33,0.88
2.1999999999999744,5.2772813904112175e-18,33,0.88
2.2333333333333076,1.387409800030372e-18,33,0.88
2.266666666666641,3.5467783764696375e-19,33,0.88
2.299999999999974,8.813910658727017e-20,33,0.88
2.3333333333333073,2.1285348022065055e-20,33,0.88
2.3666666666666405,4.9939541436954494e-21,33,0.88
2.3999999999999737,1.1379845177885739e-21,33,0.88
2.433333333333307,2.517879016023119e-22,33,0.88
2.46666666666664,5.407808666416892e-23,33,0.88
2.4999999999999734,1.127144818569788e-23,33,0.88
2.5333333333333066,2.2792761513539135e-24,33,0.88
2.56666666666664,4.470570207697819e-25,33,0.88
2.599999999999973,8.502971386597517e-26,33,0.88
2.633333333333306,1.567893943971114e-26,33,0.88
2.6666666666666394,2.8022088797019076e-27,33,0.88
2.6999999999999726,4.853167593991776e-28,33,0.88
2.733333333333306,8.1432468740242e-29,33,0.88
2.766666666666639,1.32351083040946e-29,33,0.88
2.7999999999999723,2.083188387825269e-30,33,0.88
2.8333333333333055,3.1748104685532563e-31,33,0.88
2.8666666666666387,4.683988470486243e-32,33,0.88
2.899999999999972,6.688774915479747e-33,33,0.88
2.933333333333305,9.24352234437393e-34,33,0.88
2.9666666666666384,1.2360023732948884e-34,33,0.88
2.9999999999999716,1.5989174288509331e-35,33,0.88
3.033333333333305,2.000759662454782e-36,33,0.88
3.066666666666638,2.4213987706685713e-37,33,0.88
3.0999999999999712,2.833894029073929e-38,33,0.88
3.1333333333333044,3.206956814002702e-39,33,0.88
3.1666666666666377,3.508681888803649e-40,33,0.88
3.199999999999971,3.7109760726032935e-41,33,0.88
3.233333333333304,3.79384967098928e-42,33,0.88
3.2666666666666373,3.7486676956946345e-43,33,0.88
3.2999999999999705,3.579629739512263e-44,33,0.88
3.3333333333333037,3.303127989815768e-45,33,0.88
3.366666666666637,2.945118880474486e-46,33,0.88
3.39999999999997,2.537093661588317e-47,33,0.88
3.4333333333333034,2.11151673561309e-48,33,0.88
3.4666666666666366,1.6976452123667122e-49,33,0.88
3.49999999999997,1.3184557075750411e-50,33,0.88
3.533333333333303,9.890628881301751e-52,33,0.88
3.5666666666666362,7.166336317930321e-53,33,0.88
3.5999999999999694,5.014897786934832e-54,33,0.88
3.6333333333333027,3.3891965829806706e-55,33,0.88
3.666666666666636,2.2119776365591235e-56,33,0.88
3.699999999999969,1.3941028561123588e-57,33,0.88
3.7333333333333023,8.484398286919333e-59,33,0.88
3.7666666666666355,4.985888964123194e-60,33,0.88
3.7999999999999687,2.8290702959516058e-61,33,0.88
3.833333333333302,1.5499215889162133e-62,33,0.88
3.866666666666635,8.198356377020028e-64,33,0.88
3.8999999999999684,4.186798437347023e-65,33,0.88
3.9333333333333016,2.0642555828531477e-66,33,0.88
3.966666666666635,9.825615897103932e-68,33,0.88
3.999999999999968,4.5150283669745996e-69,33,0.88
4.033333333333301,2.0028837688033775e-70,33,0.88
4.0666666666666345,8.577019558991437e-72,33,0.88
4.099999999999968,3.545633784772143e-73,33,0.88
4.133333333333301,1.4148818604680783e-74,33,0.88
4.166666666666634,5.4501422813149236e-76,33,0.88
4.199999999999967,2.0265153282456986e-77,33,0.88
4.2333333333333005,7.273439570283076e-79,33,0.88
4.266666666666634,2.5198320677716636e-80,33,0.88
4.299999999999967,8.426350562934157e-82,33,0.88
4.3333333333333,2.7198085110855653e-83,33,0.88
4.366666666666633,8.47350498024169e-85,33,0.88
4.399999999999967,2.5480574243273077e-86,33,0.88
4.4333333333333,7.395582927935913e-88,33,0.88
4.466666666666633,2.071804129605284e-89,33,0.88
4.499999999999966,5.601886896372207e-91,33,0.88
4.5333333333332995,1.4619275944080346e-92,33,0.88
4.566666666666633,3.682307392069859e-94,33,0.88
4.599999999999966,8.95187164488993e-96,33,0.88
4.633333333333299,2.1004119026300218e-97,33,0.88
4.666666666666632,4.756519594944627e-99,33,0.88
4.6999999999999655,1.0395990192441836e-100,33,0.88
4.733333333333299,2.192966036847729e-102,33,0.88
4.766666666666632,4.4646282313969504e-104,33,0.88
4.799999999999965,8.772513985194048e-106,33,0.88
4.833333333333298,1.663590250730697e-107,33,0.88
4.866666666666632,3.0447418405254987e-109,33,0.88
4.899999999999965,5.378173330296429e-111,33,0.88
4.933333333333298,9.168490376836548e-113,33,0.88
4.966666666666631,1.5084752957100172e-114,33,0.88
4.9999999999999645,2.3952784652377036e-116,33,0.88
-5.0,1.21626404783613e-116,34,0.9066666666666667
-4.966666666666667,4.584263545696281e-113,34,0.9066666666666667
-4.933333333333334,2.6898407219651878e-111,34,0.9066666666666667
-4.9,1.5228293447482968e-109,34,0.9066666666666667
-4.866666666666667,8.320640340283347e-108,34,0.9066666666666667
-4.833333333333334,4.387779363498824e-106,34,0.9066666666666667
-4.800000000000001,2.233145910814572e-104,34,0.9066666666666667
-4.7666666666666675,1.0969216441186014e-102,34,0.9066666666666667
-4.733333333333334,5.2002274103153294e-101,34,0.9066666666666667
-4.700000000000001,2.379356280481065e-99,34,0.9066666666666667
-4.666666666666668,1.0507257508204212e-97,34,0.9066666666666667
-4.633333333333335,4.478314082224614e-96,34,0.9066666666666667
-4.600000000000001,1.8422039019789642e-94,34,0.9066666666666667
-4.566666666666668,7.314113907834126e-93,34,0.9066666666666667
-4.533333333333335,2.8027846018713e-91,34,0.9066666666666667
-4.500000000000002,1.0366330285958667e-89,34,0.9066666666666667
-4.466666666666669,3.700592407402146e-88,34,0.9066666666666667
-4.433333333333335,1.2750646142236702e-86,34,0.9066666666666667
-4.400000000000002,4.240450281569017e-85,34,0.9066666666666667
-4.366666666666669,1.3611782842499512e-83,34,0.9066666666666667
-4.333333333333336,4.217412033941845e-82,34,0.9066666666666667
-4.3000000000000025,1.2612759381368192e-80,34,0.9066666666666667
-4.266666666666669,3.640932960410056e-79,34,0.9066666666666667
-4.233333333333336,1.014517580153156e-77,34,0.9066666666666667
-4.200000000000003,2.7287078604330566e-76,34,0.9066666666666667
-4.16666666666667,7.084541878957231e-75,34,0.9066666666666667
-4.133333333333336,1.775541963520666e-73,34,0.9066666666666667
-4.100000000000003,4.2955841887835133e-72,34,0.9066666666666667
-4.06666666666667,1.0032147012907337e-70,34,0.9066666666666667
-4.033333333333337,2.2618026932593256e-69,34,0.9066666666666667
-4.0000000000000036,4.922822367380007e-68,34,0.9066666666666667
-3.9666666666666703,1.0343853056067324e-66,34,0.9066666666666667
-3.933333333333337,2.098312026615376e-65,34,0.9066666666666667
-3.900000000000004,4.10949946641135e-64,34,0.9066666666666667
-3.8666666666666707,7.770541936743565e-63,34,0.9066666666666667
-3.8333333333333375,1.4186343261599484e-61,34,0.9066666666666667
-3.8000000000000043,2.500694089998586e-60,34,0.9066666666666667
-3.766666666666671,4.2563444949266825e-59,34,0.9066666666666667
-3.733333333333338,6.99544372536167e-58,34,0.9066666666666667
-3.7000000000000046,1.1102310174197633e-56,34,0.9066666666666667
-3.6666666666666714,1.701568805765993e-55,34,0.9066666666666667
-3.633333333333338,2.5185087816430233e-54,34,0.9066666666666667
-3.600000000000005,3.600114141869946e-53,34,0.9066666666666667
-3.5666666666666718,4.9703889295717175e-52,34,0.9066666666666667
-3.5333333333333385,6.628110219446685e-51,34,0.9066666666666667
-3.5000000000000053,8.537679206216995e-50,34,0.9066666666666667
-3.466666666666672,1.0623506463415811e-48,34,0.9066666666666667
-3.433333333333339,1.2770350568526326e-47,34,0.9066666666666667
-3.4000000000000057,1.4831170239114645e-46,34,0.9066666666666667
-3.3666666666666725,1.664249463211562e-45,34,0.9066666666666667
-3.3333333333333393,1.8045404641539554e-44,34,0.9066666666666667
-3.300000000000006,1.8908494877917006e-43,34,0.9066666666666667
-3.266666666666673,1.9148229841875043e-42,34,0.9066666666666667
-3.2333333333333396,1.874231374775599e-41,34,0.9066666666666667
-3.2000000000000064,1.7733101927525417e-40,34,0.9066666666666667
-3.166666666666673,1.6220332873605648e-39,34,0.9066666666666667
-3.13333333333334,1.4344904239776716e-38,34,0.9066666666666667
-3.1000000000000068,1.2267341694015116e-37,34,0.9066666666666667
-3.0666666666666735,1.0145493013704948e-36,34,0.9066666666666667
-3.0333333333333403,8.11565708277024e-36,34,0.9066666666666667
-3.000000000000007,6.280049849583592e-35,34,0.9066666666666667
-2.966666666666674,4.701707043619493e-34,34,0.9066666666666667
-2.9333333333333407,3.406187576397486e-33,34,0.9066666666666667
-2.9000000000000075,2.388211846960069e-32,34,0.9066666666666667
-2.8666666666666742,1.6208491088507475e-31,34,0.9066666666666667
-2.833333333333341,1.0650141362629457e-30,34,0.9066666666666667
-2.800000000000008,6.77629467546171e-30,34,0.9066666666666667
-2.7666666666666746,4.175782856395343e-29,34,0.9066666666666667
-2.7333333333333414,2.4927593385116553e-28,34,0.9066666666666667
-2.700000000000008,1.441820674218402e-27,34,0.9066666666666667
-2.666666666666675,8.082128099540449e-27,34,0.9066666666666667
-2.6333333333333417,4.391596137276004e-26,34,0.9066666666666667
-2.6000000000000085,2.3136798010434053e-25,34,0.9066666666666667
-2.5666666666666753,1.1821529326079037e-24,34,0.9066666666666667
-2.533333333333342,5.859252603223863e-24,34,0.9066666666666667
-2.500000000000009,2.8178681407713424e-23,34,0.9066666666666667
-2.4666666666666757,1.3152967489376845e-22,34,0.9066666666666667
-2.4333333333333425,5.960313022250393e-22,34,0.9066666666666667
-2.4000000000000092,2.6228710226387377e-21,34,0.9066666666666667
-2.366666666666676,1.1211666269820225e-20,34,0.9066666666666667
-2.333333333333343,4.6566530364176086e-20,34,0.9066666666666667
-2.3000000000000096,1.8798159281824225e-19,34,0.9066666666666667
-2.2666666666666764,7.377744531142448e-19,34,0.9066666666666667
-2.233333333333343,2.8159796118341334e-18,34,0.9066666666666667
-2.20000000000001,1.0455990322863975e-17,34,0.9066666666666667
-2.1666666666666767,3.778017249748393e-17,34,0.9066666666666667
-2.1333333333333435,1.3288012432819982e-16,34,0.9066666666666667
-2.1000000000000103,4.550805955921803e-16,34,0.9066666666666667
-2.066666666666677,1.5180430366972823e-15,34,0.9066666666666667
-2.033333333333344,4.9338135799734775e-15,34,0.9066666666666667
-2.0000000000000107,1.562858189592817e-14,34,0.9066666666666667
-1.9666666666666774,4.826469101533711e-14,34,0.9066666666666667
-1.9333333333333442,1.45360674319496e-13,34,0.9066666666666667
-1.900000000000011,4.2707605229965336e-13,34,0.9066666666666667
-1.8666666666666778,1.2244377678715412e-12,34,0.9066666666666667
-1.8333333333333446,3.4266702552491514e-12,34,0.9066666666666667
-1.8000000000000114,9.363563690055468e-12,34,0.9066666666666667
-1.7666666666666782,2.499023457512733e-11,34,0.9066666666666667
-1.733333333333345,6.51604878441113e-11,34,0.9066666666666667
-1.7000000000000117,1.6603690352223503e-10,34,0.9066666666666667
-1.6666666666666785,4.135700089018967e-10,34,0.9066666666666667
-1.6333333333333453,1.0072353920432555e-09,34,0.9066666666666667
-1.600000000000012,2.399156731157854e-09,34,0.9066666666666667
-1.5666666666666789,5.590284966540457e-09,34,0.9066666666666667
-1.5333333333333456,1.2745348566182636e-08,34,0.9066666666666667
-1.5000000000000124,2.8437958435165664e-08,34,0.9066666666666667
-1.4666666666666792,6.210852648391725e-08,34,0.9066666666666667
-1.433333333333346,1.327935952161973e-07,34,0.9066666666666667
-1.4000000000000128,2.7799192692194625e-07,34,0.9066666666666667
-1.3666666666666796,5.698506947119988e-07,34,0.9066666666666667
-1.3333333333333464,1.1439236254280752e-06,34,0.9066666666666667
-1.3000000000000131,2.248857799370993e-06,34,0.9066666666666667
-1.26666666666668,4.32979501225346e-06,34,0.9066666666666667
-1.2333333333333467,8.16422178257331e-06,34,0.9066666666666667
-1.2000000000000135,1.507640600301111e-05,34,0.9066666666666667
-1.1666666666666803,2.726485696042237e-05,34,0.9066666666666667
-1.133333333333347,4.828508675776268e-05,34,0.9066666666666667
-1.1000000000000139,8.373491374597661e-05,34,0.9066666666666667
-1.0666666666666806,0.00014218801494244202,34,0.9066666666666667
-1.0333333333333474,0.00023640881464987153,34,0.9066666666666667
-1.0000000000000142,0.00038485333152612794,34,0.9066666666666667
-0.966666666666681,0.0006134129143811287,34,0.9066666666666667
-0.9333333333333478,0.000957291105881772,34,0.9066666666666667
-0.9000000000000146,0.0014628244800028182,34,0.9066666666666667
-0.8666666666666814,0.0021889802760125788,34,0.9066666666666667
-0.8333333333333481,0.0032082084348563538,34,0.9066666666666667
-0.8000000000000149,0.00460631822166959,34,0.9066666666666667
-0.7666666666666817,0.006481111052155652,34,0.9066666666666667
-0.7333333333333485,0.008939638990038688,34,0.9066666666666667
-0.7000000000000153,0.012094158719232475,34,0.9066666666666667
-0.6666666666666821,0.016057076461550735,34,0.9066666666666667
-0.6333333333333488,0.0209353774453996,34,0.9066666666666667
-0.6000000000000156,0.02682515153463816,34,0.9066666666666667
-0.5666666666666824,0.03380683052074257,34,0.9066666666666667
-0.5333333333333492,0.04194163993206853,34,0.9066666666666667
-0.500000000000016,0.05126956898912438,34,0.9066666666666667
-0.4666666666666828,0.061808927698535875,34,0.9066666666666667
-0.43333333333334956,0.07355734428318653,34,0.9066666666666667
-0.40000000000001634,0.0864938999724189,34,0.9066666666666667
-0.3666666666666831,0.1005820197471754,34,0.9066666666666667
-0.3333333333333499,0.1157727335164605,34,0.9066666666666667
-0.3000000000000167,0.13200797268048878,34,0.9066666666666667
-0.2666666666666835,0.14922364907078148,34,0.9066666666666667
-0.23333333333335027,0.16735235175238064,34,0.9066666666666667
-0.20000000000001705,0.18632557928562746,34,0.9066666666666667
-0.16666666666668384,0.20607548796700545,34,0.9066666666666667
-0.13333333333335062,0.22653618049943286,34,0.9066666666666667
-0.10000000000001741,0.24764458713368978,34,0.9066666666666667
-0.0666666666666842,0.26934099442060105,34,0.9066666666666667
-0.03333333333335098,0.2915692908999111,34,0.9066666666666667
-1.7763568394002505e-14,0.3142769581880887,34,0.9066666666666667
0.03333333333331545,0.3374148717753661,34,0.9066666666666667
0.06666666666664867,0.3609368576104658,34,0.9066666666666667
0.09999999999998188,0.3847990499711737,34,0.9066666666666667
0.1333333333333151,0.40895880322776584,34,0.9066666666666667
0.1666666666666483,0.43337309695432913,34,0.9066666666666667
0.19999999999998153,0.45799565670075204,34,0.9066666666666667
0.23333333333331474,0.48277213691989995,34,0.9066666666666667
0.26666666666664796,0.5076308171705621,34,0.9066666666666667
0.29999999999998117,0.5324652359015789,34,0.9066666666666667
0.3333333333333144,0.5570992716459469,34,0.9066666666666667
0.3666666666666476,0.5812175646480212,34,0.9066666666666667
0.3999999999999808,0.604222886302297,34,0.9066666666666667
0.43333333333331403,0.6249478853094865,34,0.9066666666666667
0.46666666666664725,0.6410901331199252,34,0.9066666666666667
0.49999999999998046,0.6482213667597787,34,0.9066666666666667
0.5333333333333137,0.6385250154778833,34,0.9066666666666667
0.5666666666666469,0.6007805045356626,34,0.9066666666666667
0.5999999999999801,0.5253180382102327,34,0.9066666666666667
0.6333333333333133,0.41501091912833127,34,0.9066666666666667
0.6666666666666465,0.2912196392511649,34,0.9066666666666667
0.6999999999999797,0.18198404283891967,34,0.9066666666666667
0.733333333333313,0.1034164276718155,34,0.9066666666666667
0.7666666666666462,0.05505722943477846,34,0.9066666666666667
0.7999999999999794,0.028264553303249923,34,0.9066666666666667
0.8333333333333126,0.014323410504457923,34,0.9066666666666667
0.8666666666666458,0.007290621467687885,34,0.9066666666666667
0.899999999999979,0.003770303696055414,34,0.9066666666666667
0.9333333333333123,0.001991890163062189,34,0.9066666666666667
0.9666666666666455,0.0010749132154166236,34,0.9066666666666667
0.9999999999999787,0.0005899285484622802,34,0.9066666666666667
1.033333333333312,0.00032711908117148095,34,0.9066666666666667
1.0666666666666451,0.00018202849310221315,34,0.9066666666666667
1.0999999999999783,0.00010104817203804958,34,0.9066666666666667
1.1333333333333115,5.569997501852331e-05,34,0.9066666666666667
1.1666666666666448,3.038253377902988e-05,34,0.9066666666666667
1.199999999999978,1.635890650809457e-05,34,0.9066666666666667
1.2333333333333112,8.678850863692736e-06,34,0.9066666666666667
1.2666666666666444,4.530727799705505e-06,34,0.9066666666666667
1.2999999999999776,2.3250303880814595e-06,34,0.9066666666666667
1.3333333333333108,1.1719089743795145e-06,34,0.9066666666666667
1.366666666666644,5.797984473268021e-07,34,0.9066666666666667
1.3999999999999773,2.814079285711063e-07,34,0.9066666666666667
1.4333333333333105,1.3392517605532799e-07,34,0.9066666666666667
1.4666666666666437,6.246962696561433e-08,34,0.9066666666666667
1.499999999999977,2.8548814863967078e-08,34,0.9066666666666667
1.5333333333333101,1.2778045473692515e-08,34,0.9066666666666667
1.5666666666666433,5.599538119927332e-09,34,0.9066666666666667
1.5999999999999766,2.4016659123853757e-09,34,0.9066666666666667
1.6333333333333098,1.0078864959717616e-09,34,0.9066666666666667
1.666666666666643,4.137314652573921e-10,34,0.9066666666666667
1.6999999999999762,1.6607511122297978e-10,34,0.9066666666666667
1.7333333333333094,6.516910447141634e-11,34,0.9066666666666667
1.7666666666666426,2.4992083894725334e-11,34,0.9066666666666667
1.7999999999999758,9.363940891865306e-12,34,0.9066666666666667
1.833333333333309,3.426743272707622e-12,34,0.9066666666666667
1.8666666666666423,1.2244511641473128e-12,34,0.9066666666666667
1.8999999999999755,4.270783786360666e-13,34,0.9066666666666667
1.9333333333333087,1.4536105620747328e-13,34,0.9066666666666667
1.966666666666642,4.826475020410921e-14,34,0.9066666666666667
1.9999999999999751,1.5628590547030262e-14,34,0.9066666666666667
2.0333333333333083,4.933814771072593e-15,34,0.9066666666666667
2.0666666666666416,1.5180431910141378e-15,34,0.9066666666666667
2.0999999999999748,4.55080614387253e-16,34,0.9066666666666667
2.133333333333308,1.328801264782659e-16,34,0.9066666666666667
2.166666666666641,3.7780172728315557e-17,34,0.9066666666666667
2.1999999999999744,1.0455990346108074e-17,34,0.9066666666666667
2.2333333333333076,2.8159796140290907e-18,34,0.9066666666666667
2.266666666666641,7.377744533088211e-19,34,0.9066666666666667
2.299999999999974,1.8798159283451441e-19,34,0.9066666666666667
2.3333333333333073,4.656653036548281e-20,34,0.9066666666666667
2.3666666666666405,1.1211666269926815e-20,34,0.9066666666666667
2.3999999999999737,2.6228710226488808e-21,34,0.9066666666666667
2.433333333333307,5.960313022263714e-22,34,0.9066666666666667
2.46666666666664,1.315296748940049e-22,34,0.9066666666666667
2.4999999999999734,2.8178681407761413e-23,34,0.9066666666666667
2.5333333333333066,5.859252603233831e-24,34,0.9066666666666667
2.56666666666664,1.1821529326099443e-24,34,0.9066666666666667
2.599999999999973,2.3136798010474653e-25,34,0.9066666666666667
2.633333333333306,4.391596137283854e-26,34,0.9066666666666667
2.6666666666666394,8.082128099555158e-27,34,0.9066666666666667
2.6999999999999726,1.4418206742210748e-27,34,0.9066666666666667
2.733333333333306,2.492759338516361e-28,34,0.9066666666666667
2.766666666666639,4.175782856403363e-29,34,0.9066666666666667
2.7999999999999723,6.776294675474963e-30,34,0.9066666666666667
2.8333333333333055,1.0650141362650657e-30,34,0.9066666666666667
2.8666666666666387,1.620849108854027e-31,34,0.9066666666666667
2.899999999999972,2.3882118469649912e-32,34,0.9066666666666667
2.933333333333305,3.406187576404618e-33,34,0.9066666666666667
2.9666666666666384,4.7017070436295115e-34,34,0.9066666666666667
2.9999999999999716,6.280049849597181e-35,34,0.9066666666666667
3.033333333333305,8.115657082788095e-36,34,0.9066666666666667
3.066666666666638,1.0145493013727607e-36,34,0.9066666666666667
3.0999999999999712,1.2267341694042992e-37,34,0.9066666666666667
3.1333333333333044,1.4344904239809828e-38,34,0.9066666666666667
3.1666666666666377,1.6220332873643678e-39,34,0.9066666666666667
3.199999999999971,1.773310192756771e-40,34,0.9066666666666667
3.233333333333304,1.8742313747801198e-41,34,0.9066666666666667
3.2666666666666373,1.914822984192201e-42,34,0.9066666666666667
3.2999999999999705,1.890849487796396e-43,34,0.9066666666666667
3.3333333333333037,1.804540464158504e-44,34,0.9066666666666667
3.366666666666637,1.6642494632158255e-45,34,0.9066666666666667
3.39999999999997,1.4831170239153085e-46,34,0.9066666666666667
3.4333333333333034,1.277035056855992e-47,34,0.9066666666666667
3.4666666666666366,1.0623506463444202e-48,34,0.9066666666666667
3.49999999999997,8.537679206240069e-50,34,0.9066666666666667
3.533333333333303,6.628110219464857e-51,34,0.9066666666666667
3.5666666666666362,4.97038892958555e-52,34,0.9066666666666667
3.5999999999999694,3.600114141880064e-53,34,0.9066666666666667
3.6333333333333027,2.5185087816502117e-54,34,0.9066666666666667
3.666666666666636,1.7015688057708973e-55,34,0.9066666666666667
3.699999999999969,1.1102310174230215e-56,34,0.9066666666666667
3.7333333333333023,6.99544372538241e-58,34,0.9066666666666667
3.7666666666666355,4.256344494939424e-59,34,0.9066666666666667
3.7999999999999687,2.500694090006178e-60,34,0.9066666666666667
3.833333333333302,1.418634326164313e-61,34,0.9066666666666667
3.866666666666635,7.770541936767802e-63,34,0.9066666666666667
3.8999999999999684,4.10949946642428e-64,34,0.9066666666666667
3.9333333333333016,2.0983120266220634e-65,34,0.9066666666666667
3.966666666666635,1.0343853056100611e-66,34,0.9066666666666667
3.999999999999968,4.922822367395983e-68,34,0.9066666666666667
4.033333333333301,2.2618026932667955e-69,34,0.9066666666666667
4.0666666666666345,1.0032147012940748e-70,34,0.9066666666666667
4.099999999999968,4.295584188798059e-72,34,0.9066666666666667
4.133333333333301,1.7755419635267292e-73,34,0.9066666666666667
4.166666666666634,7.08454187898162e-75,34,0.9066666666666667
4.199999999999967,2.7287078604426033e-76,34,0.9066666666666667
4.2333333333333005,1.014517580156735e-77,34,0.9066666666666667
4.266666666666634,3.640932960423005e-79,34,0.9066666666666667
4.299999999999967,1.2612759381413747e-80,34,0.9066666666666667
4.3333333333333,4.2174120339571994e-82,34,0.9066666666666667
4.366666666666633,1.3611782842549463e-83,34,0.9066666666666667
4.399999999999967,4.240450281584813e-85,34,0.9066666666666667
4.4333333333333,1.2750646142284565e-86,34,0.9066666666666667
4.466666666666633,3.700592407416143e-88,34,0.9066666666666667
4.499999999999966,1.036633028599846e-89,34,0.9066666666666667
4.5333333333332995,2.8027846018821387e-91,34,0.9066666666666667
4.566666666666633,7.314113907862617e-93,34,0.9066666666666667
4.599999999999966,1.8422039019862445e-94,34,0.9066666666666667
4.633333333333299,4.478314082242438e-96,34,0.9066666666666667
4.666666666666632,1.050725750824633e-97,34,0.9066666666666667
4.6999999999999655,2.379356280490737e-99,34,0.9066666666666667
4.733333333333299,5.2002274103366164e-101,34,0.9066666666666667
4.766666666666632,1.096921644123124e-102,34,0.9066666666666667
4.799999999999965,2.2331459108238406e-104,34,0.9066666666666667
4.833333333333298,4.387779363517287e-106,34,0.9066666666666667
4.866666666666632,8.320640340318632e-108,34,0.9066666666666667
4.899999999999965,1.522829344781591e-109,34,0.9066666666666667
4.933333333333298,2.6898409027960696e-111,34,0.9066666666666667
4.966666666666631,4.585442827650893e-113,34,0.9066666666666667
4.9999999999999645,7.544238960071814e-115,34,0.9066666666666667
-5.0,3.8329326824277134e-115,35,0.9333333333333333
-4.966666666666667,1.344926442302833e-111,35,0.9333333333333333
-4.933333333333334,7.616438855514333e-110,35,0.9333333333333333
-4.9,4.161665090502656e-108,35,0.9333333333333333
-4.866666666666667,2.194651096421786e-106,35,0.9333333333333333
-4.833333333333334,1.1169889874243003e-104,35,0.9333333333333333
-4.800000000000001,5.486802110274756e-103,35,0.9333333333333333
-4.7666666666666675,2.601230278113072e-101,35,0.9333333333333333
-4.733333333333334,1.1902266010625919e-99,35,0.9333333333333333
-4.700000000000001,5.2562288678072634e-98,35,0.9333333333333333
-4.666666666666668,2.2403467192525475e-96,35,0.9333333333333333
-4.633333333333335,9.216273138648923e-95,35,0.9333333333333333
-4.600000000000001,3.659296110958175e-93,35,0.9333333333333333
-4.566666666666668,1.4023134028866394e-91,35,0.9333333333333333
-4.533333333333335,5.1868221999332505e-90,35,0.9333333333333333
-4.500000000000002,1.8516975960020087e-88,35,0.9333333333333333
-4.466666666666669,6.380506236261331e-87,35,0.9333333333333333
-4.433333333333335,2.1220754369882096e-85,35,0.9333333333333333
-4.400000000000002,6.812266744320875e-84,35,0.9333333333333333
-4.366666666666669,2.1108262421117072e-82,35,0.9333333333333333
-4.333333333333336,6.313185582105345e-81,35,0.9333333333333333
-4.3000000000000025,1.822575186221999e-79,35,0.9333333333333333
-4.266666666666669,5.078894280456465e-78,35,0.9333333333333333
-4.233333333333336,1.3661743966967334e-76,35,0.9333333333333333
-4.200000000000003,3.5473435273793814e-75,35,0.9333333333333333
-4.16666666666667,8.891353356905495e-74,35,0.9333333333333333
-4.133333333333336,2.1513343653312353e-72,35,0.9333333333333333
-4.100000000000003,5.024951216271272e-71,35,0.9333333333333333
-4.06666666666667,1.1330491387240546e-69,35,0.9333333333333333
-4.033333333333337,2.466427257196457e-68,35,0.9333333333333333
-4.0000000000000036,5.183235541499959e-67,35,0.9333333333333333
-3.9666666666666703,1.051617424491378e-65,35,0.9333333333333333
-3.933333333333337,2.0599216597337088e-64,35,0.9333333333333333
-3.900000000000004,3.89576252850486e-63,35,0.9333333333333333
-3.8666666666666707,7.113719128131799e-62,35,0.9333333333333333
-3.8333333333333375,1.2542323159676648e-60,35,0.9333333333333333
-3.8000000000000043,2.135265419094141e-59,35,0.9333333333333333
-3.766666666666671,3.510225333130828e-58,35,0.9333333333333333
-3.733333333333338,5.57243680957345e-57,35,0.9333333333333333
-3.7000000000000046,8.542821247456774e-56,35,0.9333333333333333
-3.6666666666666714,1.2648055459086105e-54,35,0.9333333333333333
-3.633333333333338,1.808564914963803e-53,35,0.9333333333333333
-3.600000000000005,2.4977870086940738e-52,35,0.9333333333333333
-3.5666666666666718,3.332055680432692e-51,35,0.9333333333333333
-3.5333333333333385,4.293691547756356e-50,35,0.9333333333333333
-3.5000000000000053,5.344893782805139e-49,35,0.9333333333333333
-3.466666666666672,6.427863680294247e-48,35,0.9333333333333333
-3.433333333333339,7.468702651874401e-47,35,0.9333333333333333
-3.4000000000000057,8.385099068900443e-46,35,0.9333333333333333
-3.3666666666666725,9.096858171965351e-45,35,0.9333333333333333
-3.3333333333333393,9.537459912119082e-44,35,0.9333333333333333
-3.300000000000006,9.664341944145219e-43,35,0.9333333333333333
-3.266666666666673,9.46569934826758e-42,35,0.9333333333333333
-3.2333333333333396,8.962292112972084e-41,35,0.9333333333333333
-3.2000000000000064,8.203878005541604e-40,35,0.9333333333333333
-3.166666666666673,7.261117629525984e-39,35,0.9333333333333333
-3.13333333333334,6.214772511375586e-38,35,0.9333333333333333
-3.1000000000000068,5.144471028051357e-37,35,0.9333333333333333
-3.0666666666666735,4.119165249855196e-36,35,0.9333333333333333
-3.0333333333333403,3.190752389860321e-35,35,0.9333333333333333
-3.000000000000007,2.3914318072235976e-34,35,0.9333333333333333
-2.966666666666674,1.734494037446661e-33,35,0.9333333333333333
-2.9333333333333407,1.2176144586981319e-32,35,0.9333333333333333
-2.9000000000000075,8.274554923073612e-32,35,0.9333333333333333
-2.8666666666666742,5.444481273662732e-31,35,0.9333333333333333
-2.833333333333341,3.469189793173392e-30,35,0.9333333333333333
-2.800000000000008,2.1411421350108188e-29,35,0.9333333333333333
-2.7666666666666746,1.2802611426331361e-28,35,0.9333333333333333
-2.7333333333333414,7.417892513911777e-28,35,0.9333333333333333
-2.700000000000008,4.165702016695807e-27,35,0.9333333333333333
-2.666666666666675,2.2678891023489223e-26,35,0.9333333333333333
-2.6333333333333417,1.1972505410194048e-25,35,0.9333333333333333
-2.6000000000000085,6.130344469903319e-25,35,0.9333333333333333
-2.5666666666666753,3.0453102916641017e-24,35,0.9333333333333333
-2.533333333333342,1.4680417170160663e-23,35,0.9333333333333333
-2.500000000000009,6.869446374849616e-23,35,0.9333333333333333
-2.4666666666666757,3.121049918163764e-22,35,0.9333333333333333
-2.4333333333333425,1.3772003487662531e-21,35,0.9333333333333333
-2.4000000000000092,5.903848786022632e-21,35,0.9333333333333333
-2.366666666666676,2.4594700693407413e-20,35,0.9333333333333333
-2.333333333333343,9.959662954403125e-20,35,0.9333333333333333
-2.3000000000000096,3.9217049173921045e-19,35,0.9333333333333333
-2.2666666666666764,1.5019806023261878e-18,35,0.9333333333333333
-2.233333333333343,5.59688238798911e-18,35,0.9333333333333333
-2.20000000000001,2.029807605465903e-17,35,0.9333333333333333
-2.1666666666666767,7.166805732553189e-17,35,0.9333333333333333
-2.1333333333333435,2.4643038404483205e-16,35,0.9333333333333333
-2.1000000000000103,8.254615805127406e-16,35,0.9333333333333333
-2.066666666666677,2.6944470877828243e-15,35,0.9333333333333333
-2.033333333333344,8.573312466312676e-15,35,0.9333333333333333
-2.0000000000000107,2.6599252297654834e-14,35,0.9333333333333333
-1.9666666666666774,8.04946281077079e-14,35,0.9333333333333333
-1.9333333333333442,2.376703716574592e-13,35,0.9333333333333333
-1.900000000000011,6.848992210952229e-13,35,0.9333333333333333
-1.8666666666666778,1.9268731537720903e-12,35,0.9333333333333333
-1.8333333333333446,5.294000728946269e-12,35,0.9333333333333333
-1.8000000000000114,1.4208452415065688e-11,35,0.9333333333333333
-1.7666666666666782,3.7262025766251744e-11,35,0.9333333333333333
-1.733333333333345,9.551356904329244e-11,35,0.9333333333333333
-1.7000000000000117,2.3936524833964513e-10,35,0.9333333333333333
-1.6666666666666785,5.866361475853543e-10,35,0.9333333333333333
-1.6333333333333453,1.4063633689128928e-09,35,0.9333333333333333
-1.600000000000012,3.298760173244504e-09,35,0.9333333333333333
-1.5666666666666789,7.572252617332653e-09,35,0.9333333333333333
-1.5333333333333456,1.7014121545359822e-08,35,0.9333333333333333
-1.5000000000000124,3.742693678604491e-08,35,0.9333333333333333
-1.4666666666666792,8.06157734605972e-08,35,0.9333333333333333
-1.433333333333346,1.7005021201852328e-07,35,0.9333333333333333
-1.4000000000000128,3.51322083544963e-07,35,0.9333333333333333
-1.3666666666666796,7.109575299186609e-07,35,0.9333333333333333
-1.3333333333333464,1.4093533005151784e-06,35,0.9333333333333333
-1.3000000000000131,2.73685583112805e-06,35,0.9333333333333333
-1.26666666666668,5.206527471540969e-06,35,0.9333333333333333
-1.2333333333333467,9.703058797453661e-06,35,0.9333333333333333
-1.2000000000000135,1.771440402791629e-05,35,0.9333333333333333
-1.1666666666666803,3.168032555006985e-05,35,0.9333333333333333
-1.133333333333347,5.54986317205285e-05,35,0.9333333333333333
-1.1000000000000139,9.523297365370435e-05,35,0.9333333333333333
-1.0666666666666806,0.00016006208867955124,35,0.9333333333333333
-1.0333333333333474,0.0002634950943032463,35,0.9333333333333333
-1.0000000000000142,0.00042484678726032306,35,0.9333333333333333
-0.966666666666681,0.0006709185598690272,35,0.9333333333333333
-0.9333333333333478,0.0010377659811808201,35,0.9333333333333333
-0.9000000000000146,0.001572360645269701,35,0.9333333333333333
-0.8666666666666814,0.0023338859082491486,35,0.9333333333333333
-0.8333333333333481,0.0033943639422589814,35,0.9333333333333333
-0.8000000000000149,0.0048383173036842244,35,0.9333333333333333
-0.7666666666666817,0.0067612388103115515,35,0.9333333333333333
-0.7333333333333485,0.00926678211076294,35,0.9333333333333333
-0.7000000000000153,0.012462775213950738,35,0.9333333333333333
-0.6666666666666821,0.016456363811584968,35,0.9333333333333333
-0.6333333333333488,0.021348762188021602,35,0.9333333333333333
-0.6000000000000156,0.02723018163085571,35,0.9333333333333333
-0.5666666666666824,0.03417549325228635,35,0.9333333333333333
-0.5333333333333492,0.042241066372039004,35,0.9333333333333333
-0.500000000000016,0.05146303533869189,35,0.9333333333333333
-0.4666666666666828,0.06185703379742252,35,0.9333333333333333
-0.43333333333334956,0.07341924359763818,35,0.9333333333333333
-0.40000000000001634,0.08612847005549577,35,0.9333333333333333
-0.3666666666666831,0.09994889052575279,35,0.9333333333333333
-0.3333333333333499,0.11483312378287379,35,0.9333333333333333
-0.3000000000000167,0.13072531697039574,35,0.9333333333333333
-0.2666666666666835,0.14756402125926674,35,0.9333333333333333
-0.23333333333335027,0.1652847093673795,35,0.9333333333333333
-0.20000000000001705,0.18382186043893567,35,0.9333333333333333
-0.16666666666668384,0.20311059597670078,35,0.9333333333333333
-0.13333333333335062,0.22308789059119236,35,0.9333333333333333
-0.10000000000001741,0.24369340141997564,35,0.9333333333333333
-0.0666666666666842,0.2648699770449482,35,0.9333333333333333
-0.03333333333335098,0.286563889269849,35,0.9333333333333333
-1.7763568394002505e-14,0.30872485247777665,35,0.9333333333333333
0.03333333333331545,0.3313058261525253,35,0.9333333333333333
0.06666666666664867,0.3542626582405637,35,0.9333333333333333
0.09999999999998188,0.37755345290796205,35,0.9333333333333333
0.1333333333333151,0.4011376870017377,35,0.9333333333333333
0.1666666666666483,0.4249746862004056,35,0.9333333333333333
0.19999999999998153,0.44902127793263047,35,0.9333333333333333
0.23333333333331474,0.47322743193875716,35,0.9333333333333333
0.26666666666664796,0.497528628159236,35,0.9333333333333333
0.29999999999998117,0.5218309340228161,35,0.9333333333333333
0.3333333333333144,0.5459824742724696,35,0.9333333333333333
0.3666666666666476,0.5697159394015152,35,0.9333333333333333
0.3999999999999808,0.5925335245992693,35,0.9333333333333333
0.43333333333331403,0.6134742572206622,35,0.9333333333333333
0.46666666666664725,0.6306584098404093,35,0.9333333333333333
0.49999999999998046,0.6404640469774427,35,0.9333333333333333
0.5333333333333137,0.6363516807864787,35,0.9333333333333333
0.5666666666666469,0.6082725576684548,35,0.9333333333333333
0.5999999999999801,0.5456363421588735,35,0.9333333333333333
0.6333333333333133,0.4464988713273926,35,0.9333333333333333
0.6666666666666465,0.32632065521317444,35,0.9333333333333333
0.6999999999999797,0.21214081761612594,35,0.9333333333333333
0.733333333333313,0.12453801480384186,35,0.9333333333333333
0.7666666666666462,0.06781970499532623,35,0.9333333333333333
0.7999999999999794,0.03525554765452912,35,0.9333333333333333
0.8333333333333126,0.017926733747878332,35,0.9333333333333333
0.8666666666666458,0.009085046079960414,35,0.9333333333333333
0.899999999999979,0.0046510929223677186,35,0.9333333333333333
0.9333333333333123,0.0024252204060439815,35,0.9333333333333333
0.9666666666666455,0.0012916332779081172,35,0.9333333333333333
0.9999999999999787,0.0007012258345995344,35,0.9333333333333333
1.033333333333312,0.00038604149704624466,35,0.9333333333333333
1.0666666666666451,0.0002141029858368041,35,0.9333333333333333
1.0999999999999783,0.00011887024043738503,35,0.9333333333333333
1.1333333333333115,6.571721043548242e-05,35,0.9333333333333333
1.1666666666666448,3.603000773798792e-05,35,0.9333333333333333
1.199999999999978,1.9530861876542613e-05,35,0.9333333333333333
1.2333333333333112,1.0444866571165586e-05,35,0.9333333333333333
1.2666666666666444,5.501954609224299e-06,35,0.9333333333333333
1.2999999999999776,2.85132221786726e-06,35,0.9333333333333333
1.3333333333333108,1.452415431624144e-06,35,0.9333333333333333
1.366666666666644,7.266587103113547e-07,35,0.9333333333333333
1.3999999999999773,3.568618753371224e-07,35,0.9333333333333333
1.4333333333333105,1.719387928259539e-07,35,0.9333333333333333
1.4666666666666437,8.123699888383112e-08,35,0.9333333333333333
1.499999999999977,3.762383696748859e-08,35,0.9333333333333333
1.5333333333333101,1.7074176648683203e-08,35,0.9333333333333333
1.5666666666666433,7.589855724541035e-09,35,0.9333333333333333
1.5999999999999766,3.303712314017345e-09,35,0.9333333333333333
1.6333333333333098,1.407698689940749e-09,35,0.9333333333333333
1.666666666666643,5.869808037950215e-10,35,0.9333333333333333
1.6999999999999762,2.3945028489778954e-10,35,0.9333333333333333
1.7333333333333094,9.553359756424383e-11,35,0.9333333333333333
1.7666666666666426,3.7266522682472686e-11,35,0.9333333333333333
1.7999999999999758,1.420941358383905e-11,35,0.9333333333333333
1.833333333333309,5.294196028023546e-12,35,0.9333333333333333
1.8666666666666423,1.9269108256741562e-12,35,0.9333333333333333
1.8999999999999755,6.849061101776886e-13,35,0.9333333333333333
1.9333333333333087,2.376715644201239e-13,35,0.9333333333333333
1.966666666666642,8.049482337725596e-14,35,0.9333333333333333
1.9999999999999751,2.6599282487591364e-14,35,0.9333333333333333
2.0333333333333083,8.573316869022249e-15,35,0.9333333333333333
2.0666666666666416,2.694447692729928e-15,35,0.9333333333333333
2.0999999999999748,8.254616587462023e-16,35,0.9333333333333333
2.133333333333308,2.464303935577843e-16,35,0.9333333333333333
2.166666666666641,7.166805841218699e-17,35,0.9333333333333333
2.1999999999999744,2.0298076171172325e-17,35,0.9333333333333333
2.2333333333333076,5.5968823997084476e-18,35,0.9333333333333333
2.266666666666641,1.5019806034318025e-18,35,0.9333333333333333
2.299999999999974,3.9217049183715193e-19,35,0.9333333333333333
2.3333333333333073,9.959662955222061e-20,35,0.9333333333333333
2.3666666666666405,2.4594700694065846e-20,35,0.9333333333333333
2.3999999999999737,5.9038487860765936e-21,35,0.9333333333333333
2.433333333333307,1.3772003487714428e-21,35,0.9333333333333333
2.46666666666664,3.121049918170664e-22,35,0.9333333333333333
2.4999999999999734,6.869446374861936e-23,35,0.9333333333333333
2.5333333333333066,1.4680417170185678e-23,35,0.9333333333333333
2.56666666666664,3.0453102916692886e-24,35,0.9333333333333333
2.599999999999973,6.130344469913914e-25,35,0.9333333333333333
2.633333333333306,1.1972505410215085e-25,35,0.9333333333333333
2.6666666666666394,2.2678891023529806e-26,35,0.9333333333333333
2.6999999999999726,4.165702016703397e-27,35,0.9333333333333333
2.733333333333306,7.417892513925542e-28,35,0.9333333333333333
2.766666666666639,1.2802611426355553e-28,35,0.9333333333333333
2.7999999999999723,2.1411421350149347e-29,35,0.9333333333333333
2.8333333333333055,3.469189793180183e-30,35,0.9333333333333333
2.8666666666666387,5.444481273673578e-31,35,0.9333333333333333
2.899999999999972,8.274554923090366e-32,35,0.9333333333333333
2.933333333333305,1.2176144587006431e-32,35,0.9333333333333333
2.9666666666666384,1.734494037450295e-33,35,0.9333333333333333
2.9999999999999716,2.3914318072286964e-34,35,0.9333333333333333
3.033333333333305,3.1907523898672286e-35,35,0.9333333333333333
3.066666666666638,4.119165249864262e-36,35,0.9333333333333333
3.0999999999999712,5.144471028062853e-37,35,0.9333333333333333
3.1333333333333044,6.214772511389714e-38,35,0.9333333333333333
3.1666666666666377,7.261117629542753e-39,35,0.9333333333333333
3.199999999999971,8.203878005560846e-40,35,0.9333333333333333
3.233333333333304,8.962292112993465e-41,35,0.9333333333333333
3.2666666666666373,9.465699348290419e-42,35,0.9333333333333333
3.2999999999999705,9.66434194416893e-43,35,0.9333333333333333
3.3333333333333037,9.537459912142773e-44,35,0.9333333333333333
3.366666666666637,9.096858171988285e-45,35,0.9333333333333333
3.39999999999997,8.385099068921928e-46,35,0.9333333333333333
3.4333333333333034,7.468702651893763e-47,35,0.9333333333333333
3.4666666666666366,6.42786368031116e-48,35,0.9333333333333333
3.49999999999997,5.3448937828194254e-49,35,0.9333333333333333
3.533333333333303,4.293691547767962e-50,35,0.9333333333333333
3.5666666666666362,3.332055680441829e-51,35,0.9333333333333333
3.5999999999999694,2.497787008701026e-52,35,0.9333333333333333
3.6333333333333027,1.8085649149688863e-53,35,0.9333333333333333
3.666666666666636,1.264805545912221e-54,35,0.9333333333333333
3.699999999999969,8.542821247481399e-56,35,0.9333333333333333
3.7333333333333023,5.572436809589804e-57,35,0.9333333333333333
3.7666666666666355,3.510225333141236e-58,35,0.9333333333333333
3.7999999999999687,2.135265419100534e-59,35,0.9333333333333333
3.833333333333302,1.254232315971473e-60,35,0.9333333333333333
3.866666666666635,7.113719128153686e-62,35,0.9333333333333333
3.8999999999999684,3.895762528517011e-63,35,0.9333333333333333
3.9333333333333016,2.0599216597401903e-64,35,0.9333333333333333
3.966666666666635,1.0516174244947298e-65,35,0.9333333333333333
3.999999999999968,5.183235541516639e-67,35,0.9333333333333333
4.033333333333301,2.466427257204462e-68,35,0.9333333333333333
4.0666666666666345,1.1330491387277967e-69,35,0.9333333333333333
4.099999999999968,5.024951216288007e-71,35,0.9333333333333333
4.133333333333301,2.1513343653385203e-72,35,0.9333333333333333
4.166666666666634,8.89135335693586e-74,35,0.9333333333333333
4.199999999999967,3.5473435273915933e-75,35,0.9333333333333333
4.2333333333333005,1.3661743967015132e-76,35,0.9333333333333333
4.266666666666634,5.078894280474382e-78,35,0.9333333333333333
4.299999999999967,1.822575186228481e-79,35,0.9333333333333333
4.3333333333333,6.313185582128148e-81,35,0.9333333333333333
4.366666666666633,2.1108262421193922e-82,35,0.9333333333333333
4.399999999999967,6.812266744345874e-84,35,0.9333333333333333
4.4333333333333,2.1220754369961145e-85,35,0.9333333333333333
4.466666666666633,6.380506236285282e-87,35,0.9333333333333333
4.499999999999966,1.8516975960090125e-88,35,0.9333333333333333
4.5333333333332995,5.1868221999531616e-90,35,0.9333333333333333
4.566666666666633,1.4023134028920626e-91,35,0.9333333333333333
4.599999999999966,3.65929611097243e-93,35,0.9333333333333333
4.633333333333299,9.216273138685346e-95,35,0.9333333333333333
4.666666666666632,2.2403467192614643e-96,35,0.9333333333333333
4.6999999999999655,5.2562288678283336e-98,35,0.9333333333333333
4.733333333333299,1.1902266010674302e-99,35,0.9333333333333333
4.766666666666632,2.60123027812372e-101,35,0.9333333333333333
4.799999999999965,5.486802110297379e-103,35,0.9333333333333333
4.833333333333298,1.1169889874289362e-104,35,0.9333333333333333
4.866666666666632,2.1946510964310344e-106,35,0.9333333333333333
4.899999999999965,4.1616650906107136e-108,35,0.9333333333333333
4.933333333333298,7.616439445321781e-110,35,0.9333333333333333
4.966666666666631,1.3452976633460384e-111,35,0.9333333333333333
4.9999999999999645,2.2933295458493645e-113,35,0.9333333333333333
-5.0,1.1658294363368209e-113,36,0.9600000000000001
-4.966666666666667,3.808238592420578e-110,36,0.9600000000000001
-4.933333333333334,2.0815050084724794e-108,36,0.9600000000000001
-4.9,1.0977063701536689e-106,36,0.9600000000000001
-4.866666666666667,5.5870257696667524e-105,36,0.9600000000000001
-4.833333333333334,2.744498380685589e-103,36,0.9600000000000001
-4.800000000000001,1.3011736335502482e-101,36,0.9600000000000001
-4.7666666666666675,5.953876406368097e-100,36,0.9600000000000001
-4.733333333333334,2.6294150490426883e-98,36,0.9600000000000001
-4.700000000000001,1.1207684729268051e-96,36,0.9600000000000001
-4.666666666666668,4.610764683758365e-95,36,0.9600000000000001
-4.633333333333335,1.8307682288387138e-93,36,0.9600000000000001
-4.600000000000001,7.016175151002521e-92,36,0.9600000000000001
-4.566666666666668,2.5952407480221042e-90,36,0.9600000000000001
-4.533333333333335,9.265499547024476e-89,36,0.9600000000000001
-4.500000000000002,3.192846529230632e-87,36,0.9600000000000001
-4.466666666666669,1.0619635672921058e-85,36,0.9600000000000001
-4.433333333333335,3.409323625278568e-84,36,0.9600000000000001
-4.400000000000002,1.0564741587743477e-82,36,0.9600000000000001
-4.366666666666669,3.159998924424833e-81,36,0.9600000000000001
-4.333333333333336,9.123430062320554e-80,36,0.9600000000000001
-4.3000000000000025,2.542603733019285e-78,36,0.9600000000000001
-4.266666666666669,6.839984859414777e-77,36,0.9600000000000001
-4.233333333333336,1.7762112108299189e-75,36,0.9600000000000001
-4.200000000000003,4.452507550436231e-74,36,0.9600000000000001
-4.16666666666667,1.0774408544293074e-72,36,0.9600000000000001
-4.133333333333336,2.5169212848140888e-71,36,0.9600000000000001
-4.100000000000003,5.676002365446929e-70,36,0.9600000000000001
-4.06666666666667,1.2357261042063643e-68,36,0.9600000000000001
-4.033333333333337,2.5972830164435997e-67,36,0.9600000000000001
-4.0000000000000036,5.270419258742872e-66,36,0.9600000000000001
-3.9666666666666703,1.0325524476376043e-64,36,0.9600000000000001
-3.933333333333337,1.953139351374887e-63,36,0.9600000000000001
-3.900000000000004,3.567159172364568e-62,36,0.9600000000000001
-3.8666666666666707,6.290640392480848e-61,36,0.9600000000000001
-3.8333333333333375,1.0711895691111364e-59,36,0.9600000000000001
-3.8000000000000043,1.7613838281452523e-58,36,0.9600000000000001
-3.766666666666671,2.7968947318821953e-57,36,0.9600000000000001
-3.733333333333338,4.288961750394041e-56,36,0.9600000000000001
-3.7000000000000046,6.35188991359092e-55,36,0.9600000000000001
-3.6666666666666714,9.0855386810563e-54,36,0.9600000000000001
-3.633333333333338,1.2552175320765798e-52,36,0.9600000000000001
-3.600000000000005,1.675070664791165e-51,36,0.9600000000000001
-3.5666666666666718,2.159334708921648e-50,36,0.9600000000000001
-3.5333333333333385,2.689107169804733e-49,36,0.9600000000000001
-3.5000000000000053,3.2354002978859054e-48,36,0.9600000000000001
-3.466666666666672,3.7610757948512264e-47,36,0.9600000000000001
-3.433333333333339,4.224688852851693e-46,36,0.9600000000000001
-3.4000000000000057,4.5857725992420474e-45,36,0.9600000000000001
-3.3666666666666725,4.810655451404043e-44,36,0.9600000000000001
-3.3333333333333393,4.877655262932436e-43,36,0.9600000000000001
-3.300000000000006,4.780536973694385e-42,36,0.9600000000000001
-3.266666666666673,4.5294677662067683e-41,36,0.9600000000000001
-3.2333333333333396,4.14926749951214e-40,36,0.9600000000000001
-3.2000000000000064,3.6753702753278524e-39,36,0.9600000000000001
-3.166666666666673,3.1484056457155013e-38,36,0.9600000000000001
-3.13333333333334,2.6085411021733087e-37,36,0.9600000000000001
-3.1000000000000068,2.090656487484476e-36,36,0.9600000000000001
-3.0666666666666735,1.6210985500704173e-35,36,0.9600000000000001
-3.0333333333333403,1.2163117298610748e-34,36,0.9600000000000001
-3.000000000000007,8.832007806726321e-34,36,0.9600000000000001
-2.966666666666674,6.207643883851839e-33,36,0.9600000000000001
-2.9333333333333407,4.224002163409139e-32,36,0.9600000000000001
-2.9000000000000075,2.7831213597662726e-31,36,0.9600000000000001
-2.8666666666666742,1.7759676712020643e-30,36,0.9600000000000001
-2.833333333333341,1.097793473873723e-29,36,0.9600000000000001
-2.800000000000008,6.57476520282435e-29,36,0.9600000000000001
-2.7666666666666746,3.8160033637064297e-28,36,0.9600000000000001
-2.7333333333333414,2.1468640654795604e-27,36,0.9600000000000001
-2.700000000000008,1.1710340137440201e-26,36,0.9600000000000001
-2.666666666666675,6.194537805931815e-26,36,0.9600000000000001
-2.6333333333333417,3.1785666900691056e-25,36,0.9600000000000001
-2.6000000000000085,1.5825176728830212e-24,36,0.9600000000000001
-2.5666666666666753,7.646725808575498e-24,36,0.9600000000000001
-2.533333333333342,3.5869887020080134e-23,36,0.9600000000000001
-2.500000000000009,1.6339270449326853e-22,36,0.9600000000000001
-2.4666666666666757,7.229474062573746e-22,36,0.9600000000000001
-2.4333333333333425,3.1079768889195044e-21,36,0.9600000000000001
-2.4000000000000092,1.2985950521086832e-20,36,0.9600000000000001
-2.366666666666676,5.2750239165026936e-20,36,0.9600000000000001
-2.333333333333343,2.0838259621630894e-19,36,0.9600000000000001
-2.3000000000000096,8.007886159351095e-19,36,0.9600000000000001
-2.2666666666666764,2.99452643986416e-18,36,0.9600000000000001
-2.233333333333343,1.0900028328492609e-17,36,0.9600000000000001
-2.20000000000001,3.86324698567605e-17,36,0.9600000000000001
-2.1666666666666767,1.3336423004974553e-16,36,0.9600000000000001
-2.1333333333333435,4.485648189191362e-16,36,0.9600000000000001
-2.1000000000000103,1.4704387359138268e-15,36,0.9600000000000001
-2.066666666666677,4.699387023412694e-15,36,0.9600000000000001
-2.033333333333344,1.464684969271869e-14,36,0.9600000000000001
-2.0000000000000107,4.453397028700901e-14,36,0.9600000000000001
-1.9666666666666774,1.3213481197754587e-13,36,0.9600000000000001
-1.9333333333333442,3.826969246013729e-13,36,0.9600000000000001
-1.900000000000011,1.0822717627140435e-12,36,0.9600000000000001
-1.8666666666666778,2.9894499750152345e-12,36,0.9600000000000001
-1.8333333333333446,8.067662784379256e-12,36,0.9600000000000001
-1.8000000000000114,2.127801324732692e-11,36,0.9600000000000001
-1.7666666666666782,5.4861010727394875e-11,36,0.9600000000000001
-1.733333333333345,1.3831363704176697e-10,36,0.9600000000000001
-1.7000000000000117,3.4107485824731955e-10,36,0.9600000000000001
-1.6666666666666785,8.228643082421565e-10,36,0.9600000000000001
-1.6333333333333453,1.9426981583073937e-09,36,0.9600000000000001
-1.600000000000012,4.4893079820505425e-09,36,0.9600000000000001
-1.5666666666666789,1.015644080358246e-08,36,0.9600000000000001
-1.5333333333333456,2.2499594433001462e-08,36,0.9600000000000001
-1.5000000000000124,4.881494626109399e-08,36,0.9600000000000001
-1.4666666666666792,1.037385688990243e-07,36,0.9600000000000001
-1.433333333333346,2.159689051171194e-07,36,0.9600000000000001
-1.4000000000000128,4.405037756598851e-07,36,0.9600000000000001
-1.3666666666666796,8.803373194601669e-07,36,0.9600000000000001
-1.3333333333333464,1.7239052835395095e-06,36,0.9600000000000001
-1.3000000000000131,3.307935361697756e-06,36,0.9600000000000001
-1.26666666666668,6.219939982496819e-06,36,0.9600000000000001
-1.2333333333333467,1.1460408411292279e-05,36,0.9600000000000001
-1.2000000000000135,2.0691510275026367e-05,36,0.9600000000000001
-1.1666666666666803,3.6605964614619835e-05,36,0.9600000000000001
-1.133333333333347,6.345503646663831e-05,36,0.9600000000000001
-1.1000000000000139,0.00010777585224521795,36,0.9600000000000001
-1.0666666666666806,0.0001793519619093851,36,0.9600000000000001
-1.0333333333333474,0.00029242346298585456,36,0.9600000000000001
-1.0000000000000142,0.0004671306866762858,36,0.9600000000000001
-0.966666666666681,0.0007311270915327614,36,0.9600000000000001
-0.9333333333333478,0.0011212351653124006,36,0.9600000000000001
-0.9000000000000146,0.0016849519316747788,36,0.9600000000000001
-0.8666666666666814,0.002481552416049598,36,0.9600000000000001
-0.8333333333333481,0.003582509147787005,36,0.9600000000000001
-0.8000000000000149,0.005070962847549755,36,0.9600000000000001
-0.7666666666666817,0.0070400569199521364,36,0.9600000000000001
-0.7333333333333485,0.009590085728974466,36,0.9600000000000001
-0.7000000000000153,0.012824585229331777,36,0.9600000000000001
-0.6666666666666821,0.01684567892480072,36,0.9600000000000001
-0.6333333333333488,0.021749138544870306,36,0.9600000000000001
-0.6000000000000156,0.0276196887817387,36,0.9600000000000001
-0.5666666666666824,0.03452705902212783,36,0.9600000000000001
-0.5333333333333492,0.042523168362042243,36,0.9600000000000001
-0.500000000000016,0.05164065309633707,36,0.9600000000000001
-0.4666666666666828,0.06189275120332947,36,0.9600000000000001
-0.43333333333334956,0.07327438778168216,36,0.9600000000000001
-0.40000000000001634,0.08576418798431958,36,0.9600000000000001
-0.3666666666666831,0.09932709032645831,36,0.9600000000000001
-0.3333333333333499,0.11391723819213796,36,0.9600000000000001
-0.3000000000000167,0.12948087371057576,36,0.9600000000000001
-0.2666666666666835,0.1459590278381579,36,0.9600000000000001
-0.23333333333335027,0.16328987364809594,36,0.9600000000000001
-0.20000000000001705,0.18141067686256984,36,0.9600000000000001
-0.16666666666668384,0.20025932940442479,36,0.9600000000000001
-0.13333333333335062,0.21977548675881284,36,0.9600000000000001
-0.10000000000001741,0.23990135425579756,36,0.9600000000000001
-0.0666666666666842,0.2605821675973473,36,0.9600000000000001
-0.03333333333335098,0.2817664288018357,36,0.9600000000000001
-1.7763568394002505e-14,0.30340592014935813,36,0.9600000000000001
0.03333333333331545,0.32545555606192106,36,0.9600000000000001
0.06666666666664867,0.34787302765822015,36,0.9600000000000001
0.09999999999998188,0.37061829003926394,36,0.9600000000000001
0.1333333333333151,0.3936526947325021,36,0.9600000000000001
0.1666666666666483,0.4169377496465544,36,0.9600000000000001
0.19999999999998153,0.44043291538393786,36,0.9600000000000001
0.23333333333331474,0.46409202748558154,36,0.9600000000000001
0.26666666666664796,0.4878565187080319,36,0.9600000000000001
0.29999999999998117,0.5116431259409175,36,0.9600000000000001
0.3333333333333144,0.5353196911311604,36,0.9600000000000001
0.3666666666666476,0.5586581763236005,36,0.9600000000000001
0.3999999999999808,0.5812402157782303,36,0.9600000000000001
0.43333333333331403,0.6022691567941592,36,0.9600000000000001
0.46666666666664725,0.6202004458593963,36,0.9600000000000001
0.49999999999998046,0.6320623589659755,36,0.9600000000000001
0.5333333333333137,0.6324080405345888,36,0.9600000000000001
0.5666666666666469,0.6124389002237285,36,0.9600000000000001
0.5999999999999801,0.5615125669611013,36,0.9600000000000001
0.6333333333333133,0.4742252682591759,36,0.9600000000000001
0.6666666666666465,0.36019134759131866,36,0.9600000000000001
0.6999999999999797,0.24362442558600286,36,0.9600000000000001
0.733333333333313,0.14806110412836315,36,0.9600000000000001
0.7666666666666462,0.08275013392735772,36,0.9600000000000001
0.7999999999999794,0.04372884829215943,36,0.9600000000000001
0.8333333333333126,0.022402379982873918,36,0.9600000000000001
0.8666666666666458,0.01134886035862199,36,0.9600000000000001
0.899999999999979,0.00577046451665362,36,0.9600000000000001
0.9333333333333123,0.0029753559699074975,36,0.9600000000000001
0.9666666666666455,0.0015643011155911145,36,0.9600000000000001
0.9999999999999787,0.0008391412451746126,36,0.9600000000000001
1.033333333333312,0.00045775358573468236,36,0.9600000000000001
1.0666666666666451,0.0002524828483224908,36,0.9600000000000001
1.0999999999999783,0.00013991840240350263,36,0.9600000000000001
1.1333333333333115,7.745269048220729e-05,36,0.9600000000000001
1.1666666666666448,4.262482361544887e-05,36,0.9600000000000001
1.199999999999978,2.3237674967820735e-05,36,0.9600000000000001
1.2333333333333112,1.251647847949568e-05,36,0.9600000000000001
1.2666666666666444,6.6481145875562825e-06,36,0.9600000000000001
1.2999999999999776,3.477190652823009e-06,36,0.9600000000000001
1.3333333333333108,1.7889919844904089e-06,36,0.9600000000000001
1.366666666666644,9.046390499126709e-07,36,0.9600000000000001
1.3999999999999773,4.492988512626409e-07,36,0.9600000000000001
1.4333333333333105,2.190494612606664e-07,36,0.9600000000000001
1.4666666666666437,1.0478132052620032e-07,36,0.9600000000000001
1.499999999999977,4.915558902784166e-08,36,0.9600000000000001
1.5333333333333101,2.2606846617604252e-08,36,0.9600000000000001
1.5666666666666433,1.0188944537472872e-08,36,0.9600000000000001
1.5999999999999766,4.498777218365751e-09,36,0.9600000000000001
1.6333333333333098,1.945346561020177e-09,36,0.9600000000000001
1.666666666666643,8.235744878041251e-10,36,0.9600000000000001
1.6999999999999762,3.412572007467166e-10,36,0.9600000000000001
1.7333333333333094,1.3835840380132064e-10,36,0.9600000000000001
1.7666666666666426,5.487150557582639e-11,36,0.9600000000000001
1.7999999999999758,2.128035935552027e-11,36,0.9600000000000001
1.833333333333309,8.068162204796242e-12,36,0.9600000000000001
1.8666666666666423,2.9895510691061295e-12,36,0.9600000000000001
1.8999999999999755,1.0822911950478713e-12,36,0.9600000000000001
1.9333333333333087,3.8270046677756485e-13,36,0.9600000000000001
1.966666666666642,1.321354234538688e-13,36,0.9600000000000001
1.9999999999999751,4.4534070123140386e-14,36,0.9600000000000001
2.0333333333333083,1.4646865090160786e-14,36,0.9600000000000001
2.0666666666666416,4.69938926388424e-15,36,0.9600000000000001
2.0999999999999748,1.4704390431438575e-15,36,0.9600000000000001
2.133333333333308,4.485648585791948e-16,36,0.9600000000000001
2.166666666666641,1.3336423486447832e-16,36,0.9600000000000001
2.1999999999999744,3.863247040594772e-17,36,0.9600000000000001
2.2333333333333076,1.0900028387302064e-17,36,0.9600000000000001
2.266666666666641,2.9945264457728e-18,36,0.9600000000000001
2.299999999999974,8.007886164920116e-19,36,0.9600000000000001
2.3333333333333073,2.083825962656089e-19,36,0.9600000000000001
2.3666666666666405,5.27502391691486e-20,36,0.9600000000000001
2.3999999999999737,1.2985950521418644e-20,36,0.9600000000000001
2.433333333333307,3.10797688894683e-21,36,0.9600000000000001
2.46666666666664,7.229474062600311e-22,36,0.9600000000000001
2.4999999999999734,1.6339270449362604e-22,36,0.9600000000000001
2.5333333333333066,3.586988702014433e-23,36,0.9600000000000001
2.56666666666664,7.646725808588534e-24,36,0.9600000000000001
2.599999999999973,1.5825176728857197e-24,36,0.9600000000000001
2.633333333333306,3.178566690074606e-25,36,0.9600000000000001
2.6666666666666394,6.194537805942712e-26,36,0.9600000000000001
2.6999999999999726,1.171034013746118e-26,36,0.9600000000000001
2.733333333333306,2.1468640654834763e-27,36,0.9600000000000001
2.766666666666639,3.816003363713518e-28,36,0.9600000000000001
2.7999999999999723,6.574765202836786e-29,36,0.9600000000000001
2.8333333333333055,1.0977934738758353e-29,36,0.9600000000000001
2.8666666666666387,1.7759676712055433e-30,36,0.9600000000000001
2.899999999999972,2.7831213597718213e-31,36,0.9600000000000001
2.933333333333305,4.2240021634176973e-32,36,0.9600000000000001
2.9666666666666384,6.20764388386465e-33,36,0.9600000000000001
2.9999999999999716,8.832007806744836e-34,36,0.9600000000000001
3.033333333333305,1.2163117298636696e-34,36,0.9600000000000001
3.066666666666638,1.6210985500739285e-35,36,0.9600000000000001
3.0999999999999712,2.0906564874890796e-36,36,0.9600000000000001
3.1333333333333044,2.6085411021791403e-37,36,0.9600000000000001
3.1666666666666377,3.1484056457226614e-38,36,0.9600000000000001
3.199999999999971,3.675370275336344e-39,36,0.9600000000000001
3.233333333333304,4.149267499521875e-40,36,0.9600000000000001
3.2666666666666373,4.529467766217577e-41,36,0.9600000000000001
3.2999999999999705,4.780536973705923e-42,36,0.9600000000000001
3.3333333333333037,4.877655262944406e-43,36,0.9600000000000001
3.366666666666637,4.810655451415996e-44,36,0.9600000000000001
3.39999999999997,4.585772599253611e-45,36,0.9600000000000001
3.4333333333333034,4.224688852862519e-46,36,0.9600000000000001
3.4666666666666366,3.761075794860979e-47,36,0.9600000000000001
3.49999999999997,3.23540029789442e-48,36,0.9600000000000001
3.533333333333303,2.6891071698119217e-49,36,0.9600000000000001
3.5666666666666362,2.1593347089274866e-50,36,0.9600000000000001
3.5999999999999694,1.675070664795759e-51,36,0.9600000000000001
3.6333333333333027,1.2552175320800741e-52,36,0.9600000000000001
3.666666666666636,9.085538681081838e-54,36,0.9600000000000001
3.699999999999969,6.351889913609054e-55,36,0.9600000000000001
3.7333333333333023,4.288961750406405e-56,36,0.9600000000000001
3.7666666666666355,2.796894731890405e-57,36,0.9600000000000001
3.7999999999999687,1.7613838281504752e-58,36,0.9600000000000001
3.833333333333302,1.0711895691143437e-59,36,0.9600000000000001
3.866666666666635,6.29064039249995e-61,36,0.9600000000000001
3.8999999999999684,3.567159172375544e-62,36,0.9600000000000001
3.9333333333333016,1.9531393513809792e-63,36,0.9600000000000001
3.966666666666635,1.0325524476408535e-64,36,0.9600000000000001
3.999999999999968,5.270419258759671e-66,36,0.9600000000000001
4.033333333333301,2.5972830164519586e-67,36,0.9600000000000001
4.0666666666666345,1.2357261042103749e-68,36,0.9600000000000001
4.099999999999968,5.676002365465676e-70,36,0.9600000000000001
4.133333333333301,2.5169212848224716e-71,36,0.9600000000000001
4.166666666666634,1.077440854432956e-72,36,0.9600000000000001
4.199999999999967,4.4525075504514376e-74,36,0.9600000000000001
4.2333333333333005,1.776211210836034e-75,36,0.9600000000000001
4.266666666666634,6.839984859438708e-77,36,0.9600000000000001
4.299999999999967,2.5426037330282548e-78,36,0.9600000000000001
4.3333333333333,9.123430062353002e-80,36,0.9600000000000001
4.366666666666633,3.159998924436247e-81,36,0.9600000000000001
4.399999999999967,1.0564741587781942e-82,36,0.9600000000000001
4.4333333333333,3.40932362529108e-84,36,0.9600000000000001
4.466666666666633,1.0619635672960617e-85,36,0.9600000000000001
4.499999999999966,3.1928465292426173e-87,36,0.9600000000000001
4.5333333333332995,9.265499547059523e-89,36,0.9600000000000001
4.566666666666633,2.595240748032067e-90,36,0.9600000000000001
4.599999999999966,7.016175151029656e-92,36,0.9600000000000001
4.633333333333299,1.8307682288458456e-93,36,0.9600000000000001
4.666666666666632,4.610764683776587e-95,36,0.9600000000000001
4.6999999999999655,1.1207684729312658e-96,36,0.9600000000000001
4.733333333333299,2.6294150490532285e-98,36,0.9600000000000001
4.766666666666632,5.9538764063923e-100,36,0.9600000000000001
4.799999999999965,1.3011736335555744e-101,36,0.9600000000000001
4.833333333333298,2.744498380696905e-103,36,0.9600000000000001
4.866666666666632,5.5870257696899864e-105,36,0.9600000000000001
4.899999999999965,1.0977063701877833e-106,36,0.9600000000000001
4.933333333333298,2.08150519413703e-108,36,0.9600000000000001
4.966666666666631,3.8093663874338154e-110,36,0.9600000000000001
4.9999999999999645,6.728404783071406e-112,36,0.9600000000000001
-5.0,3.422493863352544e-112,37,0.9866666666666667
-4.966666666666667,1.0407583333834213e-108,37,0.9866666666666667
-4.933333333333334,5.490435970064555e-107,37,0.9866666666666667
-4.9,2.7945536373376126e-105,37,0.9866666666666667
-4.866666666666667,1.3727980435278712e-103,37,0.9866666666666667
-4.833333333333334,6.508661680636074e-102,37,0.9866666666666667
-4.800000000000001,2.978310452374391e-100,37,0.9866666666666667
-4.7666666666666675,1.3153581113381193e-98,37,0.9866666666666667
-4.733333333333334,5.60681930283721e-97,37,0.9866666666666667
-4.700000000000001,2.3066970494037037e-95,37,0.9866666666666667
-4.666666666666668,9.159444986558203e-94,37,0.9866666666666667
-4.633333333333335,3.51039295784314e-92,37,0.9866666666666667
-4.600000000000001,1.2985357581254714e-90,37,0.9866666666666667
-4.566666666666668,4.636257861087739e-89,37,0.9866666666666667
-4.533333333333335,1.597720884989327e-87,37,0.9866666666666667
-4.500000000000002,5.314450586234041e-86,37,0.9866666666666667
-4.466666666666669,1.7062582359038995e-84,37,0.9866666666666667
-4.433333333333335,5.287680611708199e-83,37,0.9866666666666667
-4.400000000000002,1.5817041240250558e-81,37,0.9866666666666667
-4.366666666666669,4.566997401954149e-80,37,0.9866666666666667
-4.333333333333336,1.272881865971855e-78,37,0.9866666666666667
-4.3000000000000025,3.424554144738549e-77,37,0.9866666666666667
-4.266666666666669,8.89376907281469e-76,37,0.9866666666666667
-4.233333333333336,2.229673767647823e-74,37,0.9866666666666667
-4.200000000000003,5.396085328200686e-73,37,0.9866666666666667
-4.16666666666667,1.2606868961822625e-71,37,0.9866666666666667
-4.133333333333336,2.843388386995611e-70,37,0.9866666666666667
-4.100000000000003,6.191215127455892e-69,37,0.9866666666666667
-4.06666666666667,1.3014795094045233e-67,37,0.9866666666666667
-4.033333333333337,2.641388259892468e-66,37,0.9866666666666667
-4.0000000000000036,5.17574865327024e-65,37,0.9866666666666667
-3.9666666666666703,9.79204885316815e-64,37,0.9866666666666667
-3.933333333333337,1.7887423484204722e-62,37,0.9866666666666667
-3.900000000000004,3.1550858929972985e-61,37,0.9866666666666667
-3.8666666666666707,5.373783641417504e-60,37,0.9866666666666667
-3.8333333333333375,8.838372342688666e-59,37,0.9866666666666667
-3.8000000000000043,1.4038033137866532e-57,37,0.9866666666666667
-3.766666666666671,2.153287794337747e-56,37,0.9866666666666667
-3.733333333333338,3.1899294304548707e-55,37,0.9866666666666667
-3.7000000000000046,4.56421414928012e-54,37,0.9866666666666667
-3.6666666666666714,6.307847109950854e-53,37,0.9866666666666667
-3.633333333333338,8.420781017361106e-52,37,0.9866666666666667
-3.600000000000005,1.085943442121207e-50,37,0.9866666666666667
-3.5666666666666718,1.3529289382263223e-49,37,0.9866666666666667
-3.5333333333333385,1.628496822487561e-48,37,0.9866666666666667
-3.5000000000000053,1.8939834332746368e-47,37,0.9866666666666667
-3.466666666666672,2.128521427915276e-46,37,0.9866666666666667
-3.433333333333339,2.31169167859528e-45,37,0.9866666666666667
-3.4000000000000057,2.42645116996628e-44,37,0.9866666666666667
-3.3666666666666725,2.4617564944624282e-43,37,0.9866666666666667
-3.3333333333333393,2.4143217641042127e-42,37,0.9866666666666667
-3.300000000000006,2.2891221594180463e-41,37,0.9866666666666667
-3.266666666666673,2.098536434624542e-40,37,0.9866666666666667
-3.2333333333333396,1.8603324764949602e-39,37,0.9866666666666667
-3.2000000000000064,1.5949491603553112e-38,37,0.9866666666666667
-3.166666666666673,1.3226474024632935e-37,37,0.9866666666666667
-3.13333333333334,1.0610702719708156e-36,37,0.9866666666666667
-3.1000000000000068,8.235919805460752e-36,37,0.9866666666666667
-3.0666666666666735,6.186091473679598e-35,37,0.9866666666666667
-3.0333333333333403,4.497058830866682e-34,37,0.9866666666666667
-3.000000000000007,3.164637528418973e-33,37,0.9866666666666667
-2.966666666666674,2.156161120738201e-32,37,0.9866666666666667
-2.9333333333333407,1.4225988993023955e-31,37,0.9866666666666667
-2.9000000000000075,9.091038464180779e-31,37,0.9866666666666667
-2.8666666666666742,5.6281234373569284e-30,37,0.9866666666666667
-2.833333333333341,3.3761809849722783e-29,37,0.9866666666666667
-2.800000000000008,1.962891355546901e-28,37,0.9866666666666667
-2.7666666666666746,1.106305858753902e-27,37,0.9866666666666667
-2.7333333333333414,6.045970236905422e-27,37,0.9866666666666667
-2.700000000000008,3.2046121062398855e-26,37,0.9866666666666667
-2.666666666666675,1.6478350457217538e-25,37,0.9866666666666667
-2.6333333333333417,8.222315254711696e-25,37,0.9866666666666667
-2.6000000000000085,3.9822912387912046e-24,37,0.9866666666666667
-2.5666666666666753,1.8726202346481578e-23,37,0.9866666666666667
-2.533333333333342,8.551971515092201e-23,37,0.9866666666666667
-2.500000000000009,3.7940864663872737e-22,37,0.9866666666666667
-2.4666666666666757,1.6356847967063865e-21,37,0.9866666666666667
-2.4333333333333425,6.854448963672104e-21,37,0.9866666666666667
-2.4000000000000092,2.792910802697322e-20,37,0.9866666666666667
-2.366666666666676,1.1068427336869789e-19,37,0.9866666666666667
-2.333333333333343,4.267694275500682e-19,37,0.9866666666666667
-2.3000000000000096,1.6014545180402345e-18,37,0.9866666666666667
-2.2666666666666764,5.850408472213859e-18,37,0.9866666666666667
-2.233333333333343,2.081349814831233e-17,37,0.9866666666666667
-2.20000000000001,7.213212918911906e-17,37,0.9866666666666667
-2.1666666666666767,2.4359864438794827e-16,37,0.9866666666666667
-2.1333333333333435,8.019014829817858e-16,37,0.9866666666666667
-2.1000000000000103,2.5739759211659108e-15,37,0.9866666666666667
-2.066666666666677,8.058644214316215e-15,37,0.9866666666666667
-2.033333333333344,2.461667865521046e-14,37,0.9866666666666667
-2.0000000000000107,7.339083083512883e-14,37,0.9866666666666667
-1.9666666666666774,2.1361544744416203e-13,37,0.9866666666666667
-1.9333333333333442,6.07203287345564e-13,37,0.9866666666666667
-1.900000000000011,1.6860734498065454e-12,37,0.9866666666666667
-1.8666666666666778,4.574967273533866e-12,37,0.9866666666666667
-1.8333333333333446,1.2133731611082314e-11,37,0.9866666666666667
-1.8000000000000114,3.1464336755298135e-11,37,0.9866666666666667
-1.7666666666666782,7.979582514081136e-11,37,0.9866666666666667
-1.733333333333345,1.9796793446469275e-10,37,0.9866666666666667
-1.7000000000000117,4.805889725103667e-10,37,0.9866666666666667
-1.6666666666666785,1.1418865075458079e-09,37,0.9866666666666667
-1.6333333333333453,2.6560861412509935e-09,37,0.9866666666666667
-1.600000000000012,6.049569461069084e-09,37,0.9866666666666667
-1.5666666666666789,1.3494451110310429e-08,37,0.9866666666666667
-1.5333333333333456,2.948569307638909e-08,37,0.9866666666666667
-1.5000000000000124,6.311907961492108e-08,37,0.9866666666666667
-1.4666666666666792,1.323919168371729e-07,37,0.9866666666666667
-1.433333333333346,2.7212113562307756e-07,37,0.9866666666666667
-1.4000000000000128,5.481529666183975e-07,37,0.9866666666666667
-1.3666666666666796,1.082203974038527e-06,37,0.9866666666666667
-1.3333333333333464,2.094134307090449e-06,37,0.9866666666666667
-1.3000000000000131,3.9719154898573725e-06,37,0.9866666666666667
-1.26666666666668,7.384147806790098e-06,37,0.9866666666666667
-1.2333333333333467,1.3455647238572778e-05,37,0.9866666666666667
-1.2000000000000135,2.4032944781819174e-05,37,0.9866666666666667
-1.1666666666666803,4.2072553690221235e-05,37,0.9866666666666667
-1.133333333333347,7.218885330238252e-05,37,0.9866666666666667
-1.1000000000000139,0.00012139787107109416,37,0.9866666666666667
-1.0666666666666806,0.00020008487844606077,37,0.9866666666666667
-1.0333333333333474,0.00032320411550239666,37,0.9866666666666667
-1.0000000000000142,0.0005116854701908542,37,0.9866666666666667
-0.966666666666681,0.0007939751345508435,37,0.9866666666666667
-0.9333333333333478,0.0012075786083661538,37,0.9866666666666667
-0.9000000000000146,0.0018004136038614659,37,0.9866666666666667
-0.8666666666666814,0.002631731477974507,37,0.9866666666666667
-0.8333333333333481,0.003772346319438151,37,0.9866666666666667
-0.8000000000000149,0.005303937427941133,37,0.9866666666666667
-0.7666666666666817,0.00731727327224454,37,0.9866666666666667
-0.7333333333333485,0.00990933955766831,37,0.9866666666666667
-0.7000000000000153,0.013179520896057914,37,0.9866666666666667
-0.6666666666666821,0.01722515087887313,37,0.9866666666666667
-0.6333333333333488,0.022136869791277186,37,0.9866666666666667
-0.6000000000000156,0.027994280228044365,37,0.9866666666666667
-0.5666666666666824,0.034862354044061176,37,0.9866666666666667
-0.5333333333333492,0.04278892820973271,37,0.9866666666666667
-0.500000000000016,0.05180346122189173,37,0.9866666666666667
-0.4666666666666828,0.0619170446684968,37,0.9866666666666667
-0.43333333333334956,0.07312351293600604,37,0.9866666666666667
-0.40000000000001634,0.08540139206048222,37,0.9866666666666667
-0.3666666666666831,0.09871638484488585,37,0.9866666666666667
-0.3333333333333499,0.1130240968616903,37,0.9866666666666667
-0.3000000000000167,0.12827275288512074,37,0.9866666666666667
-0.2666666666666835,0.14440571644350444,37,0.9866666666666667
-0.23333333333335027,0.16136369317590876,37,0.9866666666666667
-0.20000000000001705,0.1790865582907606,37,0.9866666666666667
-0.16666666666668384,0.19751479563062388,37,0.9866666666666667
-0.13333333333335062,0.21659056967806,37,0.9866666666666667
-0.10000000000001741,0.23625846688014832,37,0.9866666666666667
-0.0666666666666842,0.25646595940362177,37,0.9866666666666667
-0.03333333333335098,0.2771636266109634,37,0.9866666666666667
-1.7763568394002505e-14,0.29830519271751155,37,0.9866666666666667
0.03333333333331545,0.3198473757057055,37,0.9866666666666667
0.06666666666664867,0.34174960346258176,37,0.9866666666666667
0.09999999999998188,0.3639735010557484,37,0.9866666666666667
0.1333333333333151,0.3864821858091682,37,0.9866666666666667
0.1666666666666483,0.4092390632815331,37,0.9866666666666667
0.19999999999998153,0.432206023986999,37,0.9866666666666667
0.23333333333331474,0.45534015106751985,37,0.9866666666666667
0.26666666666664796,0.4785881210438664,37,0.9866666666666667
0.29999999999998117,0.501875467146228,37,0.9866666666666667
0.3333333333333144,0.5250865972021355,37,0.9866666666666667
0.3666666666666476,0.5480253501096628,37,0.9866666666666667
0.3999999999999808,0.5703378307084126,37,0.9866666666666667
0.43333333333331403,0.5913586498975593,37,0.9866666666666667
0.46666666666664725,0.6098108202008501,37,0.9866666666666667
0.49999999999998046,0.6232459758592717,37,0.9866666666666667
0.5333333333333137,0.6271349134177288,37,0.9866666666666667
0.5666666666666469,0.6138890171233556,37,0.9866666666666667
0.5999999999999801,0.5733704445318047,37,0.9866666666666667
0.6333333333333133,0.497963668471329,37,0.9866666666666667
0.6666666666666465,0.3920321957852648,37,0.9866666666666667
0.6999999999999797,0.27568936912462894,37,0.9866666666666667
0.733333333333313,0.17368833497210312,37,0.9866666666666667
0.7666666666666462,0.09989695188681155,37,0.9866666666666667
0.7999999999999794,0.053845400562335534,37,0.9866666666666667
0.8333333333333126,0.027895537433694547,37,0.9866666666666667
0.8666666666666458,0.014180135923395593,37,0.9866666666666667
0.899999999999979,0.007186096941923111,37,0.9866666666666667
0.9333333333333123,0.003673553060673911,37,0.9866666666666667
0.9666666666666455,0.0019088783245647173,37,0.9866666666666667
0.9999999999999787,0.0010114748505898959,37,0.9866666666666667
1.033333333333312,0.0005459401288366829,37,0.9866666666666667
1.0666666666666451,0.0002988739863062769,37,0.9866666666666667
1.0999999999999783,0.00016497931913623585,37,0.9866666666666667
1.1333333333333115,9.127516506622433e-05,37,0.9866666666666667
1.1666666666666448,5.034627451095902e-05,37,0.9866666666666667
1.199999999999978,2.757098309014322e-05,37,0.9866666666666667
1.2333333333333112,1.4942993936110578e-05,37,0.9866666666666667
1.2666666666666444,7.996863480435082e-06,37,0.9866666666666667
1.2999999999999776,4.218561485410396e-06,37,0.9866666666666667
1.3333333333333108,2.190917105864445e-06,37,0.9866666666666667
1.366666666666644,1.1191460176010973e-06,37,0.9866666666666667
1.3999999999999773,5.618444096644975e-07,37,0.9866666666666667
1.4333333333333105,2.7704012407248715e-07,37,0.9866666666666667
1.4666666666666437,1.3410253425753293e-07,37,0.9866666666666667
1.499999999999977,6.369408566551341e-08,37,0.9866666666666667
1.5333333333333101,2.9672267245148734e-08,37,0.9866666666666667
1.5666666666666433,1.3552812016151105e-08,37,0.9866666666666667
1.5999999999999766,6.067145569252568e-09,37,0.9866666666666667
1.6333333333333098,2.6611758569970824e-09,37,0.9866666666666667
1.666666666666643,1.14330188161703e-09,37,0.9866666666666667
1.6999999999999762,4.809664459345492e-10,37,0.9866666666666667
1.7333333333333094,1.9806435318396064e-10,37,0.9866666666666667
1.7666666666666426,7.98193815821585e-11,37,0.9866666666666667
1.7999999999999758,3.146983389090048e-11,37,0.9866666666666667
1.833333333333309,1.2134955212401982e-11,37,0.9866666666666667
1.8666666666666423,4.575226699934842e-12,37,0.9866666666666667
1.8999999999999755,1.6861257679436053e-12,37,0.9866666666666667
1.9333333333333087,6.072133092511009e-13,37,0.9866666666666667
1.966666666666642,2.1361726845038153e-13,37,0.9866666666666667
1.9999999999999751,7.339114427201824e-14,37,0.9866666666666667
2.0333333333333083,2.4616729693512703e-14,37,0.9866666666666667
2.0666666666666416,8.058652066652365e-15,37,0.9866666666666667
2.0999999999999748,2.5739770612317217e-15,37,0.9866666666666667
2.133333333333308,8.019016390041683e-16,37,0.9866666666666667
2.166666666666641,2.435986644925713e-16,37,0.9866666666666667
2.1999999999999744,7.213213162589019e-17,37,0.9866666666666667
2.2333333333333076,2.081349842586026e-17,37,0.9866666666666667
2.266666666666641,5.850408501897038e-18,37,0.9866666666666667
2.299999999999974,1.6014545210192044e-18,37,0.9866666666666667
2.3333333333333073,4.2676942783058007e-19,37,0.9866666666666667
2.3666666666666405,1.1068427339351376e-19,37,0.9866666666666667
2.3999999999999737,2.7929108029047715e-20,37,0.9866666666666667
2.433333333333307,6.854448963839338e-21,37,0.9866666666666667
2.46666666666664,1.635684796720228e-21,37,0.9866666666666667
2.4999999999999734,3.794086466400877e-22,37,0.9866666666666667
2.5333333333333066,8.551971515110729e-23,37,0.9866666666666667
2.56666666666664,1.8726202346515023e-23,37,0.9866666666666667
2.599999999999973,3.9822912387979975e-24,37,0.9866666666666667
2.633333333333306,8.222315254725734e-25,37,0.9866666666666667
2.6666666666666394,1.647835045724609e-25,37,0.9866666666666667
2.6999999999999726,3.20461210624553e-26,37,0.9866666666666667
2.733333333333306,6.045970236916266e-27,37,0.9866666666666667
2.766666666666639,1.1063058587559221e-27,37,0.9866666666666667
2.7999999999999723,1.9628913555505507e-28,37,0.9866666666666667
2.8333333333333055,3.3761809849786705e-29,37,0.9866666666666667
2.8666666666666387,5.6281234373677674e-30,37,0.9866666666666667
2.899999999999972,9.091038464198602e-31,37,0.9866666666666667
2.933333333333305,1.4225988993052338e-31,37,0.9866666666666667
2.9666666666666384,2.1561611207425728e-32,37,0.9866666666666667
2.9999999999999716,3.164637528425509e-33,37,0.9866666666666667
3.033333333333305,4.497058830876115e-34,37,0.9866666666666667
3.066666666666638,6.186091473692801e-35,37,0.9866666666666667
3.0999999999999712,8.235919805478599e-36,37,0.9866666666666667
3.1333333333333044,1.061070271973153e-36,37,0.9866666666666667
3.1666666666666377,1.322647402466252e-37,37,0.9866666666666667
3.199999999999971,1.59494916035894e-38,37,0.9866666666666667
3.233333333333304,1.8603324764992597e-39,37,0.9866666666666667
3.2666666666666373,2.0985364346294672e-40,37,0.9866666666666667
3.2999999999999705,2.2891221594235105e-41,37,0.9866666666666667
3.3333333333333037,2.4143217641100415e-42,37,0.9866666666666667
3.366666666666637,2.4617564944684712e-43,37,0.9866666666666667
3.39999999999997,2.4264511699723104e-44,37,0.9866666666666667
3.4333333333333034,2.3116916786011103e-45,37,0.9866666666666667
3.4666666666666366,2.1285214279207316e-46,37,0.9866666666666667
3.49999999999997,1.893983433279549e-47,37,0.9866666666666667
3.533333333333303,1.6284968224918474e-48,37,0.9866666666666667
3.5666666666666362,1.3529289382299397e-49,37,0.9866666666666667
3.5999999999999694,1.0859434421241437e-50,37,0.9866666666666667
3.6333333333333027,8.420781017384205e-52,37,0.9866666666666667
3.666666666666636,6.307847109968415e-53,37,0.9866666666666667
3.699999999999969,4.5642141492929514e-54,37,0.9866666666666667
3.7333333333333023,3.1899294304639792e-55,37,0.9866666666666667
3.7666666666666355,2.153287794343955e-56,37,0.9866666666666667
3.7999999999999687,1.403803313790774e-57,37,0.9866666666666667
3.833333333333302,8.838372342714876e-59,37,0.9866666666666667
3.866666666666635,5.373783641433596e-60,37,0.9866666666666667
3.8999999999999684,3.15508589300688e-61,37,0.9866666666666667
3.9333333333333016,1.7887423484259764e-62,37,0.9866666666666667
3.966666666666635,9.792048853198695e-64,37,0.9866666666666667
3.999999999999968,5.175748653286527e-65,37,0.9866666666666667
4.033333333333301,2.6413882599008874e-66,37,0.9866666666666667
4.0666666666666345,1.3014795094087121e-67,37,0.9866666666666667
4.099999999999968,6.191215127475987e-69,37,0.9866666666666667
4.133333333333301,2.8433883870050027e-70,37,0.9866666666666667
4.166666666666634,1.2606868961864616e-71,37,0.9866666666666667
4.199999999999967,5.39608532821896e-73,37,0.9866666666666667
4.2333333333333005,2.229673767655438e-74,37,0.9866666666666667
4.266666666666634,8.893769072845311e-76,37,0.9866666666666667
4.299999999999967,3.4245541447505305e-77,37,0.9866666666666667
4.3333333333333,1.2728818659763455e-78,37,0.9866666666666667
4.366666666666633,4.566997401970392e-80,37,0.9866666666666667
4.399999999999967,1.581704124030769e-81,37,0.9866666666666667
4.4333333333333,5.287680611727451e-83,37,0.9866666666666667
4.466666666666633,1.7062582359101612e-84,37,0.9866666666666667
4.499999999999966,5.314450586253838e-86,37,0.9866666666666667
4.5333333333332995,1.5977208849953246e-87,37,0.9866666666666667
4.566666666666633,4.636257861105277e-89,37,0.9866666666666667
4.599999999999966,1.2985357581304566e-90,37,0.9866666666666667
4.633333333333299,3.510392957856716e-92,37,0.9866666666666667
4.666666666666632,9.159444986593885e-94,37,0.9866666666666667
4.6999999999999655,2.30669704941282e-95,37,0.9866666666666667
4.733333333333299,5.606819302859525e-97,37,0.9866666666666667
4.766666666666632,1.315358111343392e-98,37,0.9866666666666667
4.799999999999965,2.978310452386498e-100,37,0.9866666666666667
4.833333333333298,6.508661680662717e-102,37,0.9866666666666667
4.866666666666632,1.3727980435335464e-103,37,0.9866666666666667
4.899999999999965,2.7945536374420618e-105,37,0.9866666666666667
4.933333333333298,5.490436534132633e-107,37,0.9866666666666667
4.966666666666631,1.0410890173076684e-108,37,0.9866666666666667
4.9999999999999645,1.905266108435076e-110,37,0.9866666666666667
-5.0,9.697455235343006e-111,38,1.0133333333333334
-4.966666666666667,2.745235097501594e-107,38,1.0133333333333334
-4.933333333333334,1.397797197835498e-105,38,1.0133333333333334
-4.9,6.866735435624388e-104,38,1.0133333333333334
-4.866666666666667,3.255728117136706e-102,38,1.0133333333333334
-4.833333333333334,1.4898416252089594e-100,38,1.0133333333333334
-4.800000000000001,6.580044887530915e-99,38,1.0133333333333334
-4.7666666666666675,2.804898806644792e-97,38,1.0133333333333334
-4.733333333333334,1.1540062037575208e-95,38,1.0133333333333334
-4.700000000000001,4.5825259029305203e-94,38,1.0133333333333334
-4.666666666666668,1.7563498274462717e-92,38,1.0133333333333334
-4.633333333333335,6.497258513120637e-91,38,1.0133333333333334
-4.600000000000001,2.3198841270227913e-89,38,1.0133333333333334
-4.566666666666668,7.995097103737263e-88,38,1.0133333333333334
-4.533333333333335,2.6595434220475646e-86,38,1.0133333333333334
-4.500000000000002,8.539279783944444e-85,38,1.0133333333333334
-4.466666666666669,2.6464975311472164e-83,38,1.0133333333333334
-4.433333333333335,7.917051911304799e-82,38,1.0133333333333334
-4.400000000000002,2.2861425412829285e-80,38,1.0133333333333334
-4.366666666666669,6.3723178504794e-79,38,1.0133333333333334
-4.333333333333336,1.7145605710702516e-77,38,1.0133333333333334
-4.3000000000000025,4.4532489457372046e-76,38,1.0133333333333334
-4.266666666666669,1.1165491608962807e-74,38,1.0133333333333334
-4.233333333333336,2.7024895486367503e-73,38,1.0133333333333334
-4.200000000000003,6.314582849749552e-72,38,1.0133333333333334
-4.16666666666667,1.4243922361619059e-70,38,1.0133333333333334
-4.133333333333336,3.101910998208857e-69,38,1.0133333333333334
-4.100000000000003,6.521614488957594e-68,38,1.0133333333333334
-4.06666666666667,1.323789737509962e-66,38,1.0133333333333334
-4.033333333333337,2.5943817241821424e-65,38,1.0133333333333334
-4.0000000000000036,4.9092313678835375e-64,38,1.0133333333333334
-3.9666666666666703,8.969590485368711e-63,38,1.0133333333333334
-3.933333333333337,1.5824389709252334e-61,38,1.0133333333333334
-3.900000000000004,2.6958355324508547e-60,38,1.0133333333333334
-3.8666666666666707,4.434961600809319e-59,38,1.0133333333333334
-3.8333333333333375,7.045885487140353e-58,38,1.0133333333333334
-3.8000000000000043,1.0810630833402177e-56,38,1.0133333333333334
-3.766666666666671,1.6019837317963686e-55,38,1.0133333333333334
-3.733333333333338,2.2928735136117486e-54,38,1.0133333333333334
-3.7000000000000046,3.1698732021277014e-53,38,1.0133333333333334
-3.6666666666666714,4.233211579426954e-52,38,1.0133333333333334
-3.633333333333338,5.461256446155789e-51,38,1.0133333333333334
-3.600000000000005,6.806748596218417e-50,38,1.0133333333333334
-3.5666666666666718,8.196781284543864e-49,38,1.0133333333333334
-3.5333333333333385,9.5375636132845e-48,38,1.0133333333333334
-3.5000000000000053,1.0724031980700757e-46,38,1.0133333333333334
-3.466666666666672,1.1653157564640131e-45,38,1.0133333333333334
-3.433333333333339,1.2238681921227164e-44,38,1.0133333333333334
-3.4000000000000057,1.2424367056241906e-43,38,1.0133333333333334
-3.3666666666666725,1.2192931379019378e-42,38,1.0133333333333334
-3.3333333333333393,1.1568698621813352e-41,38,1.0133333333333334
-3.300000000000006,1.061339826132792e-40,38,1.0133333333333334
-3.266666666666673,9.416118490445703e-40,38,1.0133333333333334
-3.2333333333333396,8.079672623507784e-39,38,1.0133333333333334
-3.2000000000000064,6.706253636141215e-38,38,1.0133333333333334
-3.166666666666673,5.385098817871844e-37,38,1.0133333333333334
-3.13333333333334,4.1840922728535404e-36,38,1.0133333333333334
-3.1000000000000068,3.14609925043834e-35,38,1.0133333333333334
-3.0666666666666735,2.2897090144606445e-34,38,1.0133333333333334
-3.0333333333333403,1.6132492215778846e-33,38,1.0133333333333334
-3.000000000000007,1.100565854523434e-32,38,1.0133333333333334
-2.966666666666674,7.271226372932926e-32,38,1.0133333333333334
-2.9333333333333407,4.6533272881273e-31,38,1.0133333333333334
-2.9000000000000075,2.885191663643584e-30,38,1.0133333333333334
-2.8666666666666742,1.733545684807043e-29,38,1.0133333333333334
-2.833333333333341,1.0095862949602351e-28,38,1.0133333333333334
-2.800000000000008,5.700338343018123e-28,38,1.0133333333333334
-2.7666666666666746,3.121129686230056e-27,38,1.0133333333333334
-2.7333333333333414,1.657621346057638e-26,38,1.0133333333333334
-2.700000000000008,8.541473740454041e-26,38,1.0133333333333334
-2.666666666666675,4.271388232667842e-25,38,1.0133333333333334
-2.6333333333333417,2.07353737168169e-24,38,1.0133333333333334
-2.6000000000000085,9.774216935976373e-24,38,1.0133333333333334
-2.5666666666666753,4.475100319485661e-23,38,1.0133333333333334
-2.533333333333342,1.9906742449260447e-22,38,1.0133333333333334
-2.500000000000009,8.606022559286542e-22,38,1.0133333333333334
-2.4666666666666757,3.616928805155415e-21,38,1.0133333333333334
-2.4333333333333425,1.4782396411839802e-20,38,1.0133333333333334
-2.4000000000000092,5.8769361166185e-20,38,1.0133333333333334
-2.366666666666676,2.273492677885207e-19,38,1.0133333333333334
-2.333333333333343,8.560693957044662e-19,38,1.0133333333333334
-2.3000000000000096,3.1385889498819634e-18,38,1.0133333333333334
-2.2666666666666764,1.1207476333176282e-17,38,1.0133333333333334
-2.233333333333343,3.899126883066646e-17,38,1.0133333333333334
-2.20000000000001,1.322060712681303e-16,38,1.0133333333333334
-2.1666666666666767,4.370168060854523e-16,38,1.0133333333333334
-2.1333333333333435,1.4087872827769281e-15,38,1.0133333333333334
-2.1000000000000103,4.430272848648988e-15,38,1.0133333333333334
-2.066666666666677,1.3595327288188066e-14,38,1.0133333333333334
-2.033333333333344,4.0724737524721454e-14,38,1.0133333333333334
-2.0000000000000107,1.1911606304967724e-13,38,1.0133333333333334
-1.9666666666666774,3.4029705909027376e-13,38,1.0133333333333334
-1.9333333333333442,9.498444486247943e-13,38,1.0133333333333334
-1.900000000000011,2.5910852804356022e-12,38,1.0133333333333334
-1.8666666666666778,6.909902530415553e-12,38,1.0133333333333334
-1.8333333333333446,1.8019652014222184e-11,38,1.0133333333333334
-1.8000000000000114,4.596477837470281e-11,38,1.0133333333333334
-1.7666666666666782,1.1471613560235519e-10,38,1.0133333333333334
-1.733333333333345,2.801923987806693e-10,38,1.0133333333333334
-1.7000000000000117,6.699272207523075e-10,38,1.0133333333333334
-1.6666666666666785,1.5683375555159146e-09,38,1.0133333333333334
-1.6333333333333453,3.595727977248769e-09,38,1.0133333333333334
-1.600000000000012,8.075268590771628e-09,38,1.0133333333333334
-1.5666666666666789,1.7767631102167326e-08,38,1.0133333333333334
-1.5333333333333456,3.830676460223216e-08,38,1.0133333333333334
-1.5000000000000124,8.093880162513828e-08,38,1.0133333333333334
-1.4666666666666792,1.6762009360582047e-07,38,1.0133333333333334
-1.433333333333346,3.402723851389742e-07,38,1.0133333333333334
-1.4000000000000128,6.771623354076964e-07,38,1.0133333333333334
-1.3666666666666796,1.3211428198690591e-06,38,1.0133333333333334
-1.3333333333333464,2.5270568109585064e-06,38,1.0133333333333334
-1.3000000000000131,4.7391310288922065e-06,38,1.0133333333333334
-1.26666666666668,8.713748308549085e-06,38,1.0133333333333334
-1.2333333333333467,1.5708441682945426e-05,38,1.0133333333333334
-1.2000000000000135,2.7763782655330727e-05,38,1.0133333333333334
-1.1666666666666803,4.8109972312479604e-05,38,1.0133333333333334
-1.133333333333347,8.173261891199239e-05,38,1.0133333333333334
-1.1000000000000139,0.0001361299013286133,38,1.0133333333333334
-1.0666666666666806,0.00022228304859531,38,1.0133333333333334
-1.0333333333333474,0.00035584081670609317,38,1.0133333333333334
-1.0000000000000142,0.0005584844379038186,38,1.0133333333333334
-0.966666666666681,0.0008593927544635082,38,1.0133333333333334
-0.9333333333333478,0.0012966721506800177,38,1.0133333333333334
-0.9000000000000146,0.0019185614902749747,38,1.0133333333333334
-0.8666666666666814,0.002784182140128047,38,1.0133333333333334
-0.8333333333333481,0.00396359330462435,38,1.0133333333333334
-0.8000000000000149,0.00553694741756396,38,1.0133333333333334
-0.7666666666666817,0.007592625841158791,38,1.0133333333333334
-0.7333333333333485,0.010224365627569442,38,1.0133333333333334
-0.7000000000000153,0.013527543055804565,38,1.0133333333333334
-0.6666666666666821,0.017594927097046284,38,1.0133333333333334
-0.6333333333333488,0.02251232077292148,38,1.0133333333333334
-0.6000000000000156,0.028354543372601678,38,1.0133333333333334
-0.5666666666666824,0.03518216168851826,38,1.0133333333333334
-0.5333333333333492,0.04303926465996154,38,1.0133333333333334
-0.500000000000016,0.05195242083048616,38,1.0133333333333334
-0.4666666666666828,0.06193079716904205,38,1.0133333333333334
-0.43333333333334956,0.07296728289541199,38,1.0133333333333334
-0.40000000000001634,0.08504037359189766,38,1.0133333333333334
-0.3666666666666831,0.09811653471997976,38,1.0133333333333334
-0.3333333333333499,0.11215277396582657,38,1.0133333333333334
-0.3000000000000167,0.12709919375856518,38,1.0133333333333334
-0.2666666666666835,0.14290135456198644,38,1.0133333333333334
-0.23333333333335027,0.15950234048335887,38,1.0133333333333334
-0.20000000000001705,0.17684447379973864,38,1.0133333333333334
-0.16666666666668384,0.19487066808180298,38,1.0133333333333334
-0.13333333333335062,0.2135254375194759,38,1.0133333333333334
-0.10000000000001741,0.23275560184897018,38,1.0133333333333334
-0.0666666666666842,0.2525107241968392,38,1.0133333333333334
-0.03333333333335098,0.2727433361266844,38,1.0133333333333334
-1.7763568394002505e-14,0.2934089675923974,38,1.0133333333333334
0.03333333333331545,0.31446603739712664,38,1.0133333333333334
0.06666666666664867,0.33587556523573653,38,1.0133333333333334
0.09999999999998188,0.3576007569396749,38,1.0133333333333334
0.1333333333333151,0.3796063018796872,38,1.0133333333333334
0.1666666666666483,0.40185739145352,38,1.0133333333333334
0.19999999999998153,0.4243179987227974,38,1.0133333333333334
0.23333333333331474,0.4469481640287031,38,1.0133333333333334
0.26666666666664796,0.46969894283706337,38,1.0133333333333334
0.29999999999998117,0.49250349013159717,38,1.0133333333333334
0.3333333333333144,0.5152598486600306,38,1.0133333333333334
0.3666666666666476,0.537798352640102,38,1.0133333333333334
0.3999999999999808,0.5598173463144419,38,1.0133333333333334
0.43333333333331403,0.5807575263952602,38,1.0133333333333334
0.46666666666664725,0.599556214155193,38,1.0133333333333334
0.49999999999998046,0.6141870741706037,38,1.0133333333333334
0.5333333333333137,0.620882660707333,38,1.0133333333333334
0.5666666666666469,0.6131615855677393,38,1.0133333333333334
0.5999999999999801,0.5817047248427936,38,1.0133333333333334
0.6333333333333133,0.5177142049846114,38,1.0133333333333334
0.6666666666666465,0.4212191561717965,38,1.0133333333333334
0.6999999999999797,0.3075645863440509,38,1.0133333333333334
0.733333333333313,0.20099820595613224,38,1.0133333333333334
0.7666666666666462,0.11922052987595196,38,1.0133333333333334
0.7999999999999794,0.06573649265776531,38,1.0133333333333334
0.8333333333333126,0.03455241842424804,38,1.0133333333333334
0.8666666666666458,0.017686121391700015,38,1.0133333333333334
0.899999999999979,0.008964360744578029,38,1.0133333333333334
0.9333333333333123,0.004557086867804059,38,1.0133333333333334
0.9666666666666455,0.0023450083377751455,38,1.0133333333333334
0.9999999999999787,0.001228078379867444,38,1.0133333333333334
1.033333333333312,0.0006553611695908235,38,1.0133333333333334
1.0666666666666451,0.00035551389047616574,38,1.0133333333333334
1.0999999999999783,0.00019509077458703717,38,1.0133333333333334
1.1333333333333115,0.00010766773350927454,38,1.0133333333333334
1.1666666666666448,5.9424588277513636e-05,38,1.0133333333333334
1.199999999999978,3.2645096514392666e-05,38,1.0133333333333334
1.2333333333333112,1.7784062527145758e-05,38,1.0133333333333334
1.2666666666666444,9.58081881012184e-06,38,1.0133333333333334
1.2999999999999776,5.093902123091316e-06,38,1.0133333333333334
1.3333333333333108,2.668857060260386e-06,38,1.0133333333333334
1.366666666666644,1.3763816546541962e-06,38,1.0133333333333334
1.3999999999999773,6.980933059841079e-07,38,1.0133333333333334
1.4333333333333105,3.479735314981454e-07,38,1.0133333333333334
1.4666666666666437,1.7036711940785903e-07,38,1.0133333333333334
1.499999999999977,8.188740417195009e-08,38,1.0133333333333334
1.5333333333333101,3.862344961548382e-08,38,1.0133333333333334
1.5666666666666433,1.7869706575927287e-08,38,1.0133333333333334
1.5999999999999766,8.106993971893466e-09,38,1.0133333333333334
1.6333333333333098,3.6052237325354227e-09,38,1.0133333333333334
1.666666666666643,1.5710711528359213e-09,38,1.0133333333333334
1.6999999999999762,6.706831176540773e-10,38,1.0133333333333334
1.7333333333333094,2.8039291380334537e-10,38,1.0133333333333334
1.7666666666666426,1.1476709354507838e-10,38,1.0133333333333334
1.7999999999999758,4.597716839852502e-11,38,1.0133333333333334
1.833333333333309,1.802253029561154e-11,38,1.0133333333333334
1.8666666666666423,6.910540490201676e-12,38,1.0133333333333334
1.8999999999999755,2.5912200045970845e-12,38,1.0133333333333334
1.9333333333333087,9.498715181975527e-13,38,1.0133333333333334
1.966666666666642,3.403022267616322e-13,38,1.0133333333333334
1.9999999999999751,1.1911699907195612e-13,38,1.0133333333333334
2.0333333333333083,4.072489816933637e-14,38,1.0133333333333334
2.0666666666666416,1.3595353377372333e-14,38,1.0133333333333334
2.0999999999999748,4.430276852828279e-15,38,1.0133333333333334
2.133333333333308,1.4087878628621478e-15,38,1.0133333333333334
2.166666666666641,4.370168853150294e-16,38,1.0133333333333334
2.1999999999999744,1.3220608145921577e-16,38,1.0133333333333334
2.2333333333333076,3.899127006389361e-17,38,1.0133333333333334
2.266666666666641,1.1207476473439733e-17,38,1.0133333333333334
2.299999999999974,3.138588964863809e-18,38,1.0133333333333334
2.3333333333333073,8.560693972063591e-19,38,1.0133333333333334
2.3666666666666405,2.273492679298139e-19,38,1.0133333333333334
2.3999999999999737,5.876936117867654e-20,38,1.0133333333333334
2.433333333333307,1.4782396412883972e-20,38,1.0133333333333334
2.46666666666664,3.616928805239713e-21,38,1.0133333333333334
2.4999999999999734,8.606022559356677e-22,38,1.0133333333333334
2.5333333333333066,1.9906742449330135e-22,38,1.0133333333333334
2.56666666666664,4.4751003194952647e-23,38,1.0133333333333334
2.599999999999973,9.774216935993798e-24,38,1.0133333333333334
2.633333333333306,2.073537371685229e-24,38,1.0133333333333334
2.6666666666666394,4.271388232675144e-25,38,1.0133333333333334
2.6999999999999726,8.541473740468858e-26,38,1.0133333333333334
2.733333333333306,1.657621346060561e-26,38,1.0133333333333334
2.766666666666639,3.1211296862356605e-27,38,1.0133333333333334
2.7999999999999723,5.700338343028544e-28,38,1.0133333333333334
2.8333333333333055,1.0095862949621142e-28,38,1.0133333333333334
2.8666666666666387,1.733545684810328e-29,38,1.0133333333333334
2.899999999999972,2.8851916636491453e-30,38,1.0133333333333334
2.933333333333305,4.653327288136429e-31,38,1.0133333333333334
2.9666666666666384,7.271226372947445e-32,38,1.0133333333333334
2.9999999999999716,1.100565854525667e-32,38,1.0133333333333334
3.033333333333305,1.6132492215812185e-33,38,1.0133333333333334
3.066666666666638,2.2897090144654503e-34,38,1.0133333333333334
3.0999999999999712,3.146099250445058e-35,38,1.0133333333333334
3.1333333333333044,4.1840922728626124e-36,38,1.0133333333333334
3.1666666666666377,5.3850988178837125e-37,38,1.0133333333333334
3.199999999999971,6.706253636156222e-38,38,1.0133333333333334
3.233333333333304,8.079672623526173e-39,38,1.0133333333333334
3.2666666666666373,9.416118490467473e-40,38,1.0133333333333334
3.2999999999999705,1.0613398261352839e-40,38,1.0133333333333334
3.3333333333333037,1.1568698621840975e-41,38,1.0133333333333334
3.366666666666637,1.2192931379048823e-42,38,1.0133333333333334
3.39999999999997,1.2424367056272412e-43,38,1.0133333333333334
3.4333333333333034,1.223868192125759e-44,38,1.0133333333333334
3.4666666666666366,1.1653157564669528e-45,38,1.0133333333333334
3.49999999999997,1.072403198072825e-46,38,1.0133333333333334
3.533333333333303,9.537563613309243e-48,38,1.0133333333333334
3.5666666666666362,8.196781284565444e-49,38,1.0133333333333334
3.5999999999999694,6.80674859623662e-50,38,1.0133333333333334
3.6333333333333027,5.46125644617056e-51,38,1.0133333333333334
3.666666666666636,4.233211579438567e-52,38,1.0133333333333334
3.699999999999969,3.1698732021365275e-53,38,1.0133333333333334
3.7333333333333023,2.2928735136181954e-54,38,1.0133333333333334
3.7666666666666355,1.6019837318009435e-55,38,1.0133333333333334
3.7999999999999687,1.081063083343335e-56,38,1.0133333333333334
3.833333333333302,7.045885487161039e-58,38,1.0133333333333334
3.866666666666635,4.434961600822472e-59,38,1.0133333333333334
3.8999999999999684,2.695835532458928e-60,38,1.0133333333333334
3.9333333333333016,1.5824389709300393e-61,38,1.0133333333333334
3.966666666666635,8.969590485396315e-63,38,1.0133333333333334
3.999999999999968,4.909231367898852e-64,38,1.0133333333333334
4.033333333333301,2.594381724190307e-65,38,1.0133333333333334
4.0666666666666345,1.3237897375141818e-66,38,1.0133333333333334
4.099999999999968,6.5216144889785855e-68,38,1.0133333333333334
4.133333333333301,3.101910998218926e-69,38,1.0133333333333334
4.166666666666634,1.4243922361666109e-70,38,1.0133333333333334
4.199999999999967,6.314582849770585e-72,38,1.0133333333333334
4.2333333333333005,2.7024895486459028e-73,38,1.0133333333333334
4.266666666666634,1.1165491609000943e-74,38,1.0133333333333334
4.299999999999967,4.453248945752537e-76,38,1.0133333333333334
4.3333333333333,1.7145605710762504e-77,38,1.0133333333333334
4.366666666666633,6.372317850501881e-79,38,1.0133333333333334
4.399999999999967,2.28614254129106e-80,38,1.0133333333333334
4.4333333333333,7.917051911333397e-82,38,1.0133333333333334
4.466666666666633,2.6464975311568526e-83,38,1.0133333333333334
4.499999999999966,8.539279783975783e-85,38,1.0133333333333334
4.5333333333332995,2.6595434220574714e-86,38,1.0133333333333334
4.566666666666633,7.995097103767275e-88,38,1.0133333333333334
4.599999999999966,2.3198841270315668e-89,38,1.0133333333333334
4.633333333333299,6.49725851314558e-91,38,1.0133333333333334
4.666666666666632,1.7563498274530643e-92,38,1.0133333333333334
4.6999999999999655,4.5825259029483723e-94,38,1.0133333333333334
4.733333333333299,1.1540062037620817e-95,38,1.0133333333333334
4.766666666666632,2.804898806655956e-97,38,1.0133333333333334
4.799999999999965,6.580044887557291e-99,38,1.0133333333333334
4.833333333333298,1.4898416252150157e-100,38,1.0133333333333334
4.866666666666632,3.2557281171500797e-102,38,1.0133333333333334
4.899999999999965,6.866735435934798e-104,38,1.0133333333333334
4.933333333333298,1.3977973632296847e-105,38,1.0133333333333334
4.966666666666631,2.7461709001205337e-107,38,1.0133333333333334
4.9999999999999645,5.2071563334700185e-109,38,1.0133333333333334
-5.0,2.6520654429117244e-109,39,1.04
-4.966666666666667,6.989034476453666e-106,39,1.04
-4.933333333333334,3.434740335360945e-104,39,1.04
-4.9,1.6285629571672708e-102,39,1.04
-4.866666666666667,7.45264149376261e-101,39,1.04
-4.833333333333334,3.2916503078240255e-99,39,1.04
-4.800000000000001,1.4031943241350006e-97,39,1.04
-4.7666666666666675,5.77332104123137e-96,39,1.04
-4.733333333333334,2.2926654008685824e-94,39,1.04
-4.700000000000001,8.787519168250146e-93,39,1.04
-4.666666666666668,3.2509205195117836e-91,39,1.04
-4.633333333333335,1.1608202384251188e-89,39,1.04
-4.600000000000001,4.000797181125192e-88,39,1.04
-4.566666666666668,1.3309316530872936e-86,39,1.04
-4.533333333333335,4.273637440524091e-85,39,1.04
-4.500000000000002,1.324578537284632e-83,39,1.04
-4.466666666666669,3.9627955955443716e-82,39,1.04
-4.433333333333335,1.1443945194070379e-80,39,1.04
-4.400000000000002,3.1901174511953525e-79,39,1.04
-4.366666666666669,8.584233568057673e-78,39,1.04
-4.333333333333336,2.229810631793842e-76,39,1.04
-4.3000000000000025,5.591318607336755e-75,39,1.04
-4.266666666666669,1.3534713987912438e-73,39,1.04
-4.233333333333336,3.162874170679257e-72,39,1.04
-4.200000000000003,7.135473628552713e-71,39,1.04
-4.16666666666667,1.5541127905293035e-69,39,1.04
-4.133333333333336,3.2679292056596064e-68,39,1.04
-4.100000000000003,6.634458242540854e-67,39,1.04
-4.06666666666667,1.30045166933555e-65,39,1.04
-4.033333333333337,2.4612346326293185e-64,39,1.04
-4.0000000000000036,4.4977671513052665e-63,39,1.04
-3.9666666666666703,7.936741011465585e-62,39,1.04
-3.933333333333337,1.3524025614681117e-60,39,1.04
-3.900000000000004,2.225392995259286e-59,39,1.04
-3.8666666666666707,3.536421921232431e-58,39,1.04
-3.8333333333333375,5.427490224705135e-57,39,1.04
-3.8000000000000043,8.045148086417544e-56,39,1.04
-3.766666666666671,1.1518420722225753e-54,39,1.04
-3.733333333333338,1.5929465197228324e-53,39,1.04
-3.7000000000000046,2.128070157281536e-52,39,1.04
-3.6666666666666714,2.746477589088533e-51,39,1.04
-3.633333333333338,3.4245403560063434e-50,39,1.04
-3.600000000000005,4.125696924502711e-49,39,1.04
-3.5666666666666718,4.8028155496233424e-48,39,1.04
-3.5333333333333385,5.402999896773098e-47,39,1.04
-3.5000000000000053,5.874266600386488e-46,39,1.04
-3.466666666666672,6.172961120517085e-45,39,1.04
-3.433333333333339,6.270449315944154e-44,39,1.04
-3.4000000000000057,6.157659099115825e-43,39,1.04
-3.3666666666666725,5.846471146187886e-42,39,1.04
-3.3333333333333393,5.367663787559057e-41,39,1.04
-3.300000000000006,4.765902738331918e-40,39,1.04
-3.266666666666673,4.0929033030605313e-39,39,1.04
-3.2333333333333396,3.4002074105228364e-38,39,1.04
-3.2000000000000064,2.7329477720534606e-37,39,1.04
-3.166666666666673,2.125577404607476e-36,39,1.04
-3.13333333333334,1.5999751193085293e-35,39,1.04
-3.1000000000000068,1.1657749685945899e-34,39,1.04
-3.0666666666666735,8.22355107041134e-34,39,1.04
-3.0333333333333403,5.617314723340202e-33,39,1.04
-3.000000000000007,3.716275647545357e-32,39,1.04
-2.966666666666674,2.3816919367898217e-31,39,1.04
-2.9333333333333407,1.4789519636864566e-30,39,1.04
-2.9000000000000075,8.90039478844158e-30,39,1.04
-2.8666666666666742,5.192191057983354e-29,39,1.04
-2.833333333333341,2.936846455749414e-28,39,1.04
-2.800000000000008,1.6110441578630398e-27,39,1.04
-2.7666666666666746,8.573123647439095e-27,39,1.04
-2.7333333333333414,4.426793354538523e-26,39,1.04
-2.700000000000008,2.218575183636803e-25,39,1.04
-2.666666666666675,1.0794760545431152e-24,39,1.04
-2.6333333333333417,5.100677879621579e-24,39,1.04
-2.6000000000000085,2.341227028326915e-23,39,1.04
-2.5666666666666753,1.0442082071429042e-22,39,1.04
-2.533333333333342,4.526766295617554e-22,39,1.04
-2.500000000000009,1.90799811482401e-21,39,1.04
-2.4666666666666757,7.821499333884229e-21,39,1.04
-2.4333333333333425,3.1193144985670204e-20,39,1.04
-2.4000000000000092,1.2106583210018024e-19,39,1.04
-2.366666666666676,4.574193784353256e-19,39,1.04
-2.333333333333343,1.6829691088352421e-18,39,1.04
-2.3000000000000096,6.031772864440375e-18,39,1.04
-2.2666666666666764,2.1064928890274214e-17,39,1.04
-2.233333333333343,7.170677380065329e-17,39,1.04
-2.20000000000001,2.380040374580593e-16,39,1.04
-2.1666666666666767,7.704966770225288e-16,39,1.04
-2.1333333333333435,2.433644827367216e-15,39,1.04
-2.1000000000000103,7.50205728548246e-15,39,1.04
-2.066666666666677,2.2577505186684894e-14,39,1.04
-2.033333333333344,6.635569516892985e-14,39,1.04
-2.0000000000000107,1.905108983074748e-13,39,1.04
-1.9666666666666774,5.344802558370582e-13,39,1.04
-1.9333333333333442,1.4656911697616185e-12,39,1.04
-1.900000000000011,3.929873489510805e-12,39,1.04
-1.8666666666666778,1.0305368647265294e-11,39,1.04
-1.8333333333333446,2.6437340452146177e-11,39,1.04
-1.8000000000000114,6.636789380572168e-11,39,1.04
-1.7666666666666782,1.6307858856240706e-10,39,1.04
-1.733333333333345,3.9232167809020285e-10,39,1.04
-1.7000000000000117,9.24264976672057e-10,39,1.04
-1.6666666666666785,2.1328275965044464e-09,39,1.04
-1.6333333333333453,4.8218030605937155e-09,39,1.04
-1.600000000000012,1.0681679479156157e-08,39,1.04
-1.5666666666666789,2.3191016316062242e-08,39,1.04
-1.5333333333333456,4.935321511657263e-08,39,1.04
-1.5000000000000124,1.029634237782088e-07,39,1.04
-1.4666666666666792,2.1060557153521495e-07,39,1.04
-1.433333333333346,4.223911284162919e-07,39,1.04
-1.4000000000000128,8.307072765774058e-07,39,1.04
-1.3666666666666796,1.6021083876896419e-06,39,1.04
-1.3333333333333464,3.030132781591721e-06,39,1.04
-1.3000000000000131,5.620388651075104e-06,39,1.04
-1.26666666666668,1.0223741496763377e-05,39,1.04
-1.2333333333333467,1.8238626502296358e-05,39,1.04
-1.2000000000000135,3.1908793434853355e-05,39,1.04
-1.1666666666666803,5.474701890498818e-05,39,1.04
-1.133333333333347,9.211669346442648e-05,39,1.04
-1.1000000000000139,0.00015199928784711148,39,1.04
-1.0666666666666806,0.00024596374074999355,39,1.04
-1.0333333333333474,0.00039033124422682675,39,1.04
-1.0000000000000142,0.0006074943989408827,39,1.04
-0.966666666666681,0.0009273044035321245,39,1.04
-0.9333333333333478,0.0013883886579121331,39,1.04
-0.9000000000000146,0.0020392130830994204,39,1.04
-0.8666666666666814,0.0029386715587111627,39,1.04
-0.8333333333333481,0.004155983555542911,39,1.04
-0.8000000000000149,0.005769721993835696,39,1.04
-0.7666666666666817,0.00786588054941043,39,1.04
-0.7333333333333485,0.010535015157689115,39,1.04
-0.7000000000000153,0.013868637600895031,39,1.04
-0.6666666666666821,0.01795516988127177,39,1.04
-0.6333333333333488,0.02287585550076031,39,1.04
-0.6000000000000156,0.028701045247821043,39,1.04
-0.5666666666666824,0.035487224381761315,39,1.04
-0.5333333333333492,0.043275037353688026,39,1.04
-0.500000000000016,0.05208842184739723,39,1.04
-0.4666666666666828,0.06193481779435084,39,1.04
-0.43333333333334956,0.07280629707993856,39,1.04
-0.40000000000001634,0.0846813828052323,39,1.04
-0.3666666666666831,0.09752729786534606,39,1.04
-0.3333333333333499,0.1113023941055484,39,1.04
-0.3000000000000167,0.12595855377842236,39,1.04
-0.2666666666666835,0.14144340880784362,39,1.04
-0.23333333333335027,0.15770228002529135,39,1.04
-0.20000000000001705,0.17467978815078514,39,1.04
-0.16666666666668384,0.1923211267487318,39,1.04
-0.13333333333335062,0.21057301638270096,39,1.04
-0.10000000000001741,0.2293843701848518,39,1.04
-0.0666666666666842,0.24870671754593984,39,1.04
-0.03333333333335098,0.26849441460877344,39,1.04
-1.7763568394002505e-14,0.288704694506958,39,1.04
0.03333333333331545,0.30929755180230917,39,1.04
0.06666666666664867,0.33023551463088524,39,1.04
0.09999999999998188,0.35148322373684254,39,1.04
0.1333333333333151,0.37300686185619764,39,1.04
0.1666666666666483,0.3947731863785727,39,1.04
0.19999999999998153,0.4167481180885514,39,1.04
0.23333333333331474,0.43889420420750336,39,1.04
0.26666666666664796,0.46116642178751494,39,1.04
0.29999999999998117,0.48350427280076647,39,1.04
0.3333333333333144,0.505817445323729,39,1.04
0.3666666666666476,0.527958047568559,39,1.04
0.3999999999999808,0.5496674922452144,39,1.04
0.43333333333331403,0.5704723416953047,39,1.04
0.46666666666664725,0.589483008760231,39,1.04
0.49999999999998046,0.6050139125442812,39,1.04
0.5333333333333137,0.613926056281632,39,1.04
0.5666666666666469,0.6107166710675807,39,1.04
0.5999999999999801,0.5870257216707946,39,1.04
0.6333333333333133,0.533652902382965,39,1.04
0.6666666666666465,0.4473258003183034,39,1.04
0.6999999999999797,0.3385137408096637,39,1.04
0.733333333333313,0.2294690461158183,39,1.04
0.7666666666666462,0.14058314777307662,39,1.04
0.7999999999999794,0.07949040717508768,39,1.04
0.8333333333333126,0.04251300454014516,39,1.04
0.8666666666666458,0.02198109155549411,39,1.04
0.899999999999979,0.011180010499584284,39,1.04
0.9333333333333123,0.0056696566810675265,39,1.04
0.9666666666666455,0.0028964343966784746,39,1.04
0.9999999999999787,0.0015011986668513099,39,1.04
1.033333333333312,0.0007920724924479601,39,1.04
1.0666666666666451,0.00042530425965938605,39,1.04
1.0999999999999783,0.00023161377154981664,39,1.04
1.1333333333333115,0.0001272645872580028,39,1.04
1.1666666666666448,7.015852033953614e-05,39,1.04
1.199999999999978,3.86049684040921e-05,39,1.04
1.2333333333333112,2.1113152444304724e-05,39,1.04
1.2666666666666444,1.1439040390126763e-05,39,1.04
1.2999999999999776,6.124854869049327e-06,39,1.04
1.3333333333333108,3.235146699555232e-06,39,1.04
1.366666666666644,1.6834765102149958e-06,39,1.04
1.3999999999999773,8.62177947744347e-07,39,1.04
1.4333333333333105,4.3423030435784514e-07,39,1.04
1.4666666666666437,2.1493049071105407e-07,39,1.04
1.499999999999977,1.0449529001830833e-07,39,1.04
1.5333333333333101,4.98785566511828e-08,39,1.04
1.5666666666666433,2.3365222078898147e-08,39,1.04
1.5999999999999766,1.0737465215497111e-08,39,1.04
1.6333333333333098,4.839032575015711e-09,39,1.04
1.666666666666643,2.1379534276043148e-09,39,1.04
1.6999999999999762,9.257320337975622e-10,39,1.04
1.7333333333333094,3.927251056869067e-10,39,1.04
1.7666666666666426,1.6318504111623646e-10,39,1.04
1.7999999999999758,6.63948119229143e-11,39,1.04
1.833333333333309,2.6443854444776576e-11,39,1.04
1.8666666666666423,1.0306875150167934e-11,39,1.04
1.8999999999999755,3.930206004208985e-12,39,1.04
1.9333333333333087,1.4657611156806781e-12,39,1.04
1.966666666666642,5.344942586349321e-13,39,1.04
1.9999999999999751,1.9051356246550711e-13,39,1.04
2.0333333333333083,6.635617622466703e-14,39,1.04
2.0666666666666416,2.2577587511082652e-14,39,1.04
2.0999999999999748,7.502070620117278e-15,39,1.04
2.133333333333308,2.433646869071658e-15,39,1.04
2.166666666666641,7.704969721606822e-16,39,1.04
2.1999999999999744,2.3800407768946154e-16,39,1.04
2.2333333333333076,7.170677896632775e-17,39,1.04
2.266666666666641,2.106492951437871e-17,39,1.04
2.299999999999974,6.031772935323046e-18,39,1.04
2.3333333333333073,1.6829691163968115e-18,39,1.04
2.3666666666666405,4.574193791925178e-19,39,1.04
2.3999999999999737,1.2106583217134894e-19,39,1.04
2.433333333333307,3.119314499195813e-20,39,1.04
2.46666666666664,7.82149933440982e-21,39,1.04
2.4999999999999734,1.907998114866507e-21,39,1.04
2.5333333333333066,4.526766295653101e-22,39,1.04
2.56666666666664,1.0442082071464758e-22,39,1.04
2.599999999999973,2.341227028331894e-23,39,1.04
2.633333333333306,5.100677879630656e-24,39,1.04
2.6666666666666394,1.0794760545449589e-24,39,1.04
2.6999999999999726,2.2185751836406e-25,39,1.04
2.733333333333306,4.426793354546212e-26,39,1.04
2.766666666666639,8.573123647454233e-27,39,1.04
2.7999999999999723,1.611044157865936e-27,39,1.04
2.8333333333333055,2.9368464557547886e-28,39,1.04
2.8666666666666387,5.192191057993029e-29,39,1.04
2.899999999999972,8.900394788458462e-30,39,1.04
2.933333333333305,1.4789519636893098e-30,39,1.04
2.9666666666666384,2.381691936794498e-31,39,1.04
2.9999999999999716,3.7162756475527834e-32,39,1.04
3.033333333333305,5.617314723351607e-33,39,1.04
3.066666666666638,8.223551070428346e-34,39,1.04
3.0999999999999712,1.1657749685970383e-34,39,1.04
3.1333333333333044,1.5999751193119477e-35,39,1.04
3.1666666666666377,2.1255774046120873e-36,39,1.04
3.199999999999971,2.7329477720594873e-37,39,1.04
3.233333333333304,3.4002074105304486e-38,39,1.04
3.2666666666666373,4.092903303069851e-39,39,1.04
3.2999999999999705,4.765902738342942e-40,39,1.04
3.3333333333333037,5.367663787571663e-41,39,1.04
3.366666666666637,5.846471146201849e-42,39,1.04
3.39999999999997,6.1576590991307e-43,39,1.04
3.4333333333333034,6.270449315959553e-44,39,1.04
3.4666666666666366,6.172961120532436e-45,39,1.04
3.49999999999997,5.87426660040131e-46,39,1.04
3.533333333333303,5.402999896786952e-47,39,1.04
3.5666666666666362,4.802815549635804e-48,39,1.04
3.5999999999999694,4.125696924513575e-49,39,1.04
3.6333333333333027,3.424540356015503e-50,39,1.04
3.666666666666636,2.746477589095963e-51,39,1.04
3.699999999999969,2.1280701572873745e-52,39,1.04
3.7333333333333023,1.5929465197272684e-53,39,1.04
3.7666666666666355,1.1518420722258144e-54,39,1.04
3.7999999999999687,8.045148086440523e-56,39,1.04
3.833333333333302,5.427490224720787e-57,39,1.04
3.866666666666635,3.536421921242814e-58,39,1.04
3.8999999999999684,2.225392995265886e-59,39,1.04
3.9333333333333016,1.3524025614721623e-60,39,1.04
3.966666666666635,7.93674101148969e-62,39,1.04
3.999999999999968,4.497767151319109e-63,39,1.04
4.033333333333301,2.461234632636997e-64,39,1.04
4.0666666666666345,1.300451669339643e-65,39,1.04
4.099999999999968,6.634458242562003e-67,39,1.04
4.133333333333301,3.2679292056701256e-68,39,1.04
4.166666666666634,1.554112790534348e-69,39,1.04
4.199999999999967,7.135473628576284e-71,39,1.04
4.2333333333333005,3.162874170689793e-72,39,1.04
4.266666666666634,1.3534713987958277e-73,39,1.04
4.299999999999967,5.591318607355852e-75,39,1.04
4.3333333333333,2.2298106318015195e-76,39,1.04
4.366666666666633,8.584233568087708e-78,39,1.04
4.399999999999967,3.190117451206608e-79,39,1.04
4.4333333333333,1.1443945194111085e-80,39,1.04
4.466666666666633,3.9627955955586864e-82,39,1.04
4.499999999999966,1.324578537289455e-83,39,1.04
4.5333333333332995,4.273637440539775e-85,39,1.04
4.566666666666633,1.3309316530922515e-86,39,1.04
4.599999999999966,4.0007971811402103e-88,39,1.04
4.633333333333299,1.16082023842951e-89,39,1.04
4.666666666666632,3.250920519524264e-91,39,1.04
4.6999999999999655,8.787519168284133e-93,39,1.04
4.733333333333299,2.292665400877514e-94,39,1.04
4.766666666666632,5.773321041254187e-96,39,1.04
4.799999999999965,1.4031943241405855e-97,39,1.04
4.833333333333298,3.2916503078372208e-99,39,1.04
4.866666666666632,7.452641493793046e-101,39,1.04
4.899999999999965,1.6285629572566547e-102,39,1.04
4.933333333333298,3.434740803417459e-104,39,1.04
4.966666666666631,6.991590394315158e-106,39,1.04
4.9999999999999645,1.373570322822034e-107,39,1.04
-5.0,7.000454886255755e-108,40,1.0666666666666667
-4.966666666666667,1.7173834280076868e-104,40,1.0666666666666667
-4.933333333333334,8.146309303074581e-103,40,1.0666666666666667
-4.9,3.728038117048985e-101,40,1.0666666666666667
-4.866666666666667,1.6466394353905963e-99,40,1.0666666666666667
-4.833333333333334,7.019697941421884e-98,40,1.0666666666666667
-4.800000000000001,2.888306345769597e-96,40,1.0666666666666667
-4.7666666666666675,1.1470342975963587e-94,40,1.0666666666666667
-4.733333333333334,4.3966462446456885e-93,40,1.0666666666666667
-4.700000000000001,1.626606592456326e-91,40,1.0666666666666667
-4.666666666666668,5.808494951709719e-90,40,1.0666666666666667
-4.633333333333335,2.002024050822352e-88,40,1.0666666666666667
-4.600000000000001,6.660462366628594e-87,40,1.0666666666666667
-4.566666666666668,2.138819118852608e-85,40,1.0666666666666667
-4.533333333333335,6.629547344688597e-84,40,1.0666666666666667
-4.500000000000002,1.983534616492448e-82,40,1.0666666666666667
-4.466666666666669,5.728595489721613e-81,40,1.0666666666666667
-4.433333333333335,1.5970401233954486e-79,40,1.0666666666666667
-4.400000000000002,4.2978387566258716e-78,40,1.0666666666666667
-4.366666666666669,1.1165003746225187e-76,40,1.0666666666666667
-4.333333333333336,2.7999514204524065e-75,40,1.0666666666666667
-4.3000000000000025,6.778506047115188e-74,40,1.0666666666666667
-4.266666666666669,1.584232744643297e-72,40,1.0666666666666667
-4.233333333333336,3.574504171270313e-71,40,1.0666666666666667
-4.200000000000003,7.786378323499914e-70,40,1.0666666666666667
-4.16666666666667,1.6375323396440796e-68,40,1.0666666666666667
-4.133333333333336,3.324999685223074e-67,40,1.0666666666666667
-4.100000000000003,6.518597992706049e-66,40,1.0666666666666667
-4.06666666666667,1.2339345454359296e-64,40,1.0666666666666667
-4.033333333333337,2.255385833999311e-63,40,1.0666666666666667
-4.0000000000000036,3.980676678895939e-62,40,1.0666666666666667
-3.9666666666666703,6.784501643097085e-61,40,1.0666666666666667
-3.933333333333337,1.1166648681353757e-59,40,1.0666666666666667
-3.900000000000004,1.774972973423556e-58,40,1.0666666666666667
-3.8666666666666707,2.724872077328864e-57,40,1.0666666666666667
-3.8333333333333375,4.0402561528149345e-56,40,1.0666666666666667
-3.8000000000000043,5.786347812236402e-55,40,1.0666666666666667
-3.766666666666671,8.00495833904625e-54,40,1.0666666666666667
-3.733333333333338,1.0697942890018808e-52,40,1.0666666666666667
-3.7000000000000046,1.3812035271428804e-51,40,1.0666666666666667
-3.6666666666666714,1.7229105287895794e-50,40,1.0666666666666667
-3.633333333333338,2.0765808501967983e-49,40,1.0666666666666667
-3.600000000000005,2.418530476591703e-48,40,1.0666666666666667
-3.5666666666666718,2.722128433009063e-47,40,1.0666666666666667
-3.5333333333333385,2.9611473779413604e-46,40,1.0666666666666667
-3.5000000000000053,3.113495559742408e-45,40,1.0666666666666667
-3.466666666666672,3.1645959909740095e-44,40,1.0666666666666667
-3.433333333333339,3.109694355160498e-43,40,1.0666666666666667
-3.4000000000000057,2.954587819673664e-42,40,1.0666666666666667
-3.3666666666666725,2.714620189275108e-41,40,1.0666666666666667
-3.3333333333333393,2.4121837248968985e-40,40,1.0666666666666667
-3.300000000000006,2.073289970468061e-39,40,1.0666666666666667
-3.266666666666673,1.7239332189530777e-38,40,1.0666666666666667
-3.2333333333333396,1.386938402542033e-37,40,1.0666666666666667
-3.2000000000000064,1.0797897393563523e-36,40,1.0666666666666667
-3.166666666666673,8.13652298514532e-36,40,1.0666666666666667
-3.13333333333334,5.935153713203323e-35,40,1.0666666666666667
-3.1000000000000068,4.1917742911710965e-34,40,1.0666666666666667
-3.0666666666666735,2.8669461100998303e-33,40,1.0666666666666667
-3.0333333333333403,1.8992555791247352e-32,40,1.0666666666666667
-3.000000000000007,1.2189325420116118e-31,40,1.0666666666666667
-2.966666666666674,7.580573600809551e-31,40,1.0666666666666667
-2.9333333333333407,4.569281991060281e-30,40,1.0666666666666667
-2.9000000000000075,2.670043127176e-29,40,1.0666666666666667
-2.8666666666666742,1.512925201816915e-28,40,1.0666666666666667
-2.833333333333341,8.314830342214366e-28,40,1.0666666666666667
-2.800000000000008,4.433404146507018e-27,40,1.0666666666666667
-2.7666666666666746,2.2939488851624136e-26,40,1.0666666666666667
-2.7333333333333414,1.1521532100555969e-25,40,1.0666666666666667
-2.700000000000008,5.618719940442502e-25,40,1.0666666666666667
-2.666666666666675,2.6612676989926297e-24,40,1.0666666666666667
-2.6333333333333417,1.2245873168906132e-23,40,1.0666666666666667
-2.6000000000000085,5.4760749296956e-23,40,1.0666666666666667
-2.5666666666666753,2.3804444992251226e-22,40,1.0666666666666667
-2.533333333333342,1.0062094677691503e-21,40,1.0666666666666667
-2.500000000000009,4.137087981722992e-21,40,1.0666666666666667
-2.4666666666666757,1.6550571550247108e-20,40,1.0666666666666667
-2.4333333333333425,6.444366571703224e-20,40,1.0666666666666667
-2.4000000000000092,2.443062617104979e-19,40,1.0666666666666667
-2.366666666666676,9.020174704677111e-19,40,1.0666666666666667
-2.333333333333343,3.2445961214378503e-18,40,1.0666666666666667
-2.3000000000000096,1.1373948999554728e-17,40,1.0666666666666667
-2.2666666666666764,3.886927333254683e-17,40,1.0666666666666667
-2.233333333333343,1.2953448317416675e-16,40,1.0666666666666667
-2.20000000000001,4.2110172541159095e-16,40,1.0666666666666667
-2.1666666666666767,1.3358244324126365e-15,40,1.0666666666666667
-2.1333333333333435,4.136276981252483e-15,40,1.0666666666666667
-2.1000000000000103,1.2505575007025953e-14,40,1.0666666666666667
-2.066666666666677,3.692887622720528e-14,40,1.0666666666666667
-2.033333333333344,1.0654420174707268e-13,40,1.0666666666666667
-2.0000000000000107,3.0041797550293777e-13,40,1.0666666666666667
-1.9666666666666774,8.281010340341243e-13,40,1.0666666666666667
-1.9333333333333442,2.2321768726709e-12,40,1.0666666666666667
-1.900000000000011,5.885529908492645e-12,40,1.0666666666666667
-1.8666666666666778,1.5183606970691793e-11,40,1.0666666666666667
-1.8333333333333446,3.8336631225633785e-11,40,1.0666666666666667
-1.8000000000000114,9.475796450209749e-11,40,1.0666666666666667
-1.7666666666666782,2.2934478591805994e-10,40,1.0666666666666667
-1.733333333333345,5.436717824516978e-10,40,1.0666666666666667
-1.7000000000000117,1.2625746364183172e-09,40,1.0666666666666667
-1.6666666666666785,2.873034014153783e-09,40,1.0666666666666667
-1.6333333333333453,6.407253515920437e-09,40,1.0666666666666667
-1.600000000000012,1.4006409585413288e-08,40,1.0666666666666667
-1.5666666666666789,3.001744683353608e-08,40,1.0666666666666667
-1.5333333333333456,6.307721803440685e-08,40,1.0666666666666667
-1.5000000000000124,1.299793849421004e-07,40,1.0666666666666667
-1.4666666666666792,2.626772425346906e-07,40,1.0666666666666667
-1.433333333333346,5.206562949123359e-07,40,1.0666666666666667
-1.4000000000000128,1.0122492803855627e-06,40,1.0666666666666667
-1.3666666666666796,1.9304183307585447e-06,40,1.0666666666666667
-1.3333333333333464,3.611242714978912e-06,40,1.0666666666666667
-1.3000000000000131,6.626918070540446e-06,40,1.0666666666666667
-1.26666666666668,1.192944736494011e-05,40,1.0666666666666667
-1.2333333333333467,2.106608473656671e-05,40,1.0666666666666667
-1.2000000000000135,3.649228978592581e-05,40,1.0666666666666667
-1.1666666666666803,6.201124998681665e-05,40,1.0666666666666667
-1.133333333333347,0.00010336913206656442,40,1.0666666666666667
-1.1000000000000139,0.0001690298145719002,40,1.0666666666666667
-1.0666666666666806,0.0002711394150976264,40,1.0666666666666667
-1.0333333333333474,0.000426667359588842,40,1.0666666666666667
-1.0000000000000142,0.0006586763168841576,40,1.0666666666666667
-0.966666666666681,0.000997629813702373,40,1.0666666666666667
-0.9333333333333478,0.0014825990440074778,40,1.0666666666666667
-0.9000000000000146,0.002162188474818736,40,1.0666666666666667
-0.8666666666666814,0.003094975557458034,40,1.0666666666666667
-0.8333333333333481,0.0043492659960021945,40,1.0666666666666667
-0.8000000000000149,0.0060020120769759405,40,1.0666666666666667
-0.7666666666666817,0.00813682920526509,40,1.0666666666666667
-0.7333333333333485,0.010841165668735258,40,1.0666666666666667
-0.7000000000000153,0.014202812203261925,40,1.0666666666666667
-0.6666666666666821,0.01830605341963033,40,1.0666666666666667
-0.6333333333333488,0.023227835189975978,40,1.0666666666666667
-0.6000000000000156,0.02903433227537485,40,1.0666666666666667
-0.5666666666666824,0.03577824552882541,40,1.0666666666666667
-0.5333333333333492,0.04349705099533309,40,1.0666666666666667
-0.500000000000016,0.05221228901456816,40,1.0666666666666667
-0.4666666666666828,0.06192984882287993,40,1.0666666666666667
-0.43333333333334956,0.0726410973120742,40,1.0666666666666667
-0.40000000000001634,0.08432463408575758,40,1.0666666666666667
-0.3666666666666831,0.09694843118742624,40,1.0666666666666667
-0.3333333333333499,0.11047212913367704,40,1.0666666666666667
-0.3000000000000167,0.1248492984643848,40,1.0666666666666667
-0.2666666666666835,0.1400295265308121,40,1.0666666666666667
-0.23333333333335027,0.1559602403806703,40,1.0666666666666667
-0.20000000000001705,0.17258822205326632,40,1.0666666666666667
-0.16666666666668384,0.18986080889872184,40,1.0666666666666667
-0.13333333333335062,0.20772679376855194,40,1.0666666666666667
-0.10000000000001741,0.22613705973952708,40,1.0666666666666667
-0.0666666666666842,0.24504498011861126,40,1.0666666666666667
-0.03333333333335098,0.26440663217087296,40,1.0666666666666667
-1.7763568394002505e-14,0.2841808382305825,40,1.0666666666666667
0.03333333333331545,0.3043290856702877,40,1.0666666666666667
0.06666666666664867,0.32481529156606764,40,1.0666666666666667
0.09999999999998188,0.34560546346988485,40,1.0666666666666667
0.1333333333333151,0.36666712263469803,40,1.0666666666666667
0.1666666666666483,0.38796851498466634,40,1.0666666666666667
0.19999999999998153,0.4094772445323488,40,1.0666666666666667
0.23333333333331474,0.431158175007243,40,1.0666666666666667
0.26666666666664796,0.45296958663820286,40,1.0666666666666667
0.29999999999998117,0.47485656967371725,40,1.0666666666666667
0.3333333333333144,0.4967384965495014,40,1.0666666666666667
0.3666666666666476,0.5184858559770078,40,1.0666666666666667
0.3999999999999808,0.539875396102548,40,1.0666666666666667
0.43333333333331403,0.5605040773855484,40,1.0666666666666667
0.46666666666664725,0.57962249877323,40,1.0666666666666667
0.49999999999998046,0.5958215355280309,40,1.0666666666666667
0.5333333333333137,0.6064786882163852,40,1.0666666666666667
0.5666666666666469,0.6069370899118933,40,1.0666666666666667
0.5999999999999801,0.5898226731448939,40,1.0666666666666667
0.6333333333333133,0.5460755262490903,40,1.0666666666666667
0.6666666666666465,0.4701220950972764,40,1.0666666666666667
0.6999999999999797,0.3678862889180823,40,1.0666666666666667
0.733333333333313,0.25851403054720323,40,1.0666666666666667
0.7666666666666462,0.16374719030394147,40,1.0666666666666667
0.7999999999999794,0.09513932933316216,40,1.0666666666666667
0.8333333333333126,0.05190286065466893,40,1.0666666666666667
0.8666666666666458,0.027182980103916638,40,1.0666666666666667
0.899999999999979,0.013915578794098786,40,1.0666666666666667
0.9333333333333123,0.00706154310864269,40,1.0666666666666667
0.9666666666666455,0.0035914059558481816,40,1.0666666666666667
0.9999999999999787,0.0018458058352394111,40,1.0666666666666667
1.033333333333312,0.0009636660060001623,40,1.0666666666666667
1.0666666666666451,0.0005119578787777127,40,1.0666666666666667
1.0999999999999783,0.0002763173609463173,40,1.0666666666666667
1.1333333333333115,0.00015089589048891545,40,1.0666666666666667
1.1666666666666448,8.293771901736435e-05,40,1.0666666666666667
1.199999999999978,4.563673168247445e-05,40,1.0666666666666667
1.2333333333333112,2.5022276295497517e-05,40,1.0666666666666667
1.2666666666666444,1.361908530694882e-05,40,1.0666666666666667
1.2999999999999776,7.337117621935173e-06,40,1.0666666666666667
1.3333333333333108,3.904172625582963e-06,40,1.0666666666666667
1.366666666666644,2.0486642682144606e-06,40,1.0666666666666667
1.3999999999999773,1.0588539363938611e-06,40,1.0666666666666667
1.4333333333333105,5.385543586588401e-07,40,1.0666666666666667
1.4666666666666437,2.6936283271541507e-07,40,1.0666666666666667
1.499999999999977,1.324045324225675e-07,40,1.0666666666666667
1.5333333333333101,6.393025812326964e-08,40,1.0666666666666667
1.5666666666666433,3.030801140785541e-08,40,1.0666666666666667
1.5999999999999766,1.4102127431460402e-08,40,1.0666666666666667
1.6333333333333098,6.437709343695176e-09,40,1.0666666666666667
1.666666666666643,2.882382308918488e-09,40,1.0666666666666667
1.6999999999999762,1.2653392675289331e-09,40,1.0666666666666667
1.7333333333333094,5.444585376229693e-10,40,1.0666666666666667
1.7666666666666426,2.2955995883487546e-10,40,1.0666666666666667
1.7999999999999758,9.481444778569254e-11,40,1.0666666666666667
1.833333333333309,3.835084353740153e-11,40,1.0666666666666667
1.8666666666666423,1.5187030224629545e-11,40,1.0666666666666667
1.8999999999999755,5.886318132945123e-12,40,1.0666666666666667
1.9333333333333087,2.2323501314249905e-12,40,1.0666666666666667
1.966666666666642,8.28137339073515e-13,40,1.0666666666666667
1.9999999999999751,3.0042521742985577e-13,40,1.0666666666666667
2.0333333333333083,1.0654557498830204e-13,40,1.0666666666666667
2.0666666666666416,3.692912342239302e-14,40,1.0666666666666667
2.0999999999999748,1.2505617190077257e-14,40,1.0666666666666667
2.133333333333308,4.136283796138991e-15,40,1.0666666666666667
2.166666666666641,1.335825473380561e-15,40,1.0666666666666667
2.1999999999999744,4.2110187556350507e-16,40,1.0666666666666667
2.2333333333333076,1.2953450360192012e-16,40,1.0666666666666667
2.266666666666641,3.88692759508254e-17,40,1.0666666666666667
2.299999999999974,1.1373949315387761e-17,40,1.0666666666666667
2.3333333333333073,3.2445961572577818e-18,40,1.0666666666666667
2.3666666666666405,9.020174742840801e-19,40,1.0666666666666667
2.3999999999999737,2.44306262092238e-19,40,1.0666666666666667
2.433333333333307,6.444366575287938e-20,40,1.0666666666666667
2.46666666666664,1.655057155341232e-20,40,1.0666666666666667
2.4999999999999734,4.137087981987565e-21,40,1.0666666666666667
2.5333333333333066,1.0062094677905774e-21,40,1.0666666666666667
2.56666666666664,2.3804444992431453e-22,40,1.0666666666666667
2.599999999999973,5.476074929713912e-23,40,1.0666666666666667
2.633333333333306,1.2245873168931949e-23,40,1.0666666666666667
2.6666666666666394,2.661267698997358e-24,40,1.0666666666666667
2.6999999999999726,5.6187199404521055e-25,40,1.0666666666666667
2.733333333333306,1.152153210057571e-25,40,1.0666666666666667
2.766666666666639,2.293948885166403e-26,40,1.0666666666666667
2.7999999999999723,4.433404146514856e-27,40,1.0666666666666667
2.8333333333333055,8.314830342229332e-28,40,1.0666666666666667
2.8666666666666387,1.5129252018196866e-28,40,1.0666666666666667
2.899999999999972,2.67004312718098e-29,40,1.0666666666666667
2.933333333333305,4.569281991068956e-30,40,1.0666666666666667
2.9666666666666384,7.580573600824188e-31,40,1.0666666666666667
2.9999999999999716,1.2189325420140071e-31,40,1.0666666666666667
3.033333333333305,1.8992555791285335e-32,40,1.0666666666666667
3.066666666666638,2.8669461101056554e-33,40,1.0666666666666667
3.0999999999999712,4.191774291179771e-34,40,1.0666666666666667
3.1333333333333044,5.935153713215796e-35,40,1.0666666666666667
3.1666666666666377,8.136522985162712e-36,40,1.0666666666666667
3.199999999999971,1.079789739358696e-36,40,1.0666666666666667
3.233333333333304,1.386938402545093e-37,40,1.0666666666666667
3.2666666666666373,1.723933218956939e-38,40,1.0666666666666667
3.2999999999999705,2.0732899704727838e-39,40,1.0666666666666667
3.3333333333333037,2.41218372490248e-40,40,1.0666666666666667
3.366666666666637,2.714620189281485e-41,40,1.0666666666666667
3.39999999999997,2.9545878196807224e-42,40,1.0666666666666667
3.4333333333333034,3.109694355168012e-43,40,1.0666666666666667
3.4666666666666366,3.164595990981783e-44,40,1.0666666666666667
3.49999999999997,3.113495559750153e-45,40,1.0666666666666667
3.533333333333303,2.961147377948834e-46,40,1.0666666666666667
3.5666666666666362,2.722128433016044e-47,40,1.0666666666666667
3.5999999999999694,2.4185304765979797e-48,40,1.0666666666666667
3.6333333333333027,2.0765808502022674e-49,40,1.0666666666666667
3.666666666666636,1.7229105287941883e-50,40,1.0666666666666667
3.699999999999969,1.3812035271466178e-51,40,1.0666666666666667
3.7333333333333023,1.0697942890048163e-52,40,1.0666666666666667
3.7666666666666355,8.004958339068544e-54,40,1.0666666666666667
3.7999999999999687,5.7863478122526756e-55,40,1.0666666666666667
3.833333333333302,4.0402561528264755e-56,40,1.0666666666666667
3.866666666666635,2.724872077336723e-57,40,1.0666666666666667
3.8999999999999684,1.7749729734287677e-58,40,1.0666666666666667
3.9333333333333016,1.116664868138688e-59,40,1.0666666666666667
3.966666666666635,6.784501643117407e-61,40,1.0666666666666667
3.999999999999968,3.98067667890803e-62,40,1.0666666666666667
4.033333333333301,2.255385834006253e-63,40,1.0666666666666667
4.0666666666666345,1.2339345454397794e-64,40,1.0666666666666667
4.099999999999968,6.518597992726565e-66,40,1.0666666666666667
4.133333333333301,3.324999685233673e-67,40,1.0666666666666667
4.166666666666634,1.6375323396493509e-68,40,1.0666666666666667
4.199999999999967,7.78637832352519e-70,40,1.0666666666666667
4.2333333333333005,3.5745041712821215e-71,40,1.0666666666666667
4.266666666666634,1.5842327446485744e-72,40,1.0666666666666667
4.299999999999967,6.778506047138146e-74,40,1.0666666666666667
4.3333333333333,2.79995142046197e-75,40,1.0666666666666667
4.366666666666633,1.1165003746263631e-76,40,1.0666666666666667
4.399999999999967,4.297838756640909e-78,40,1.0666666666666667
4.4333333333333,1.5970401234010833e-79,40,1.0666666666666667
4.466666666666633,5.728595489741989e-81,40,1.0666666666666667
4.499999999999966,1.983534616499613e-82,40,1.0666666666666667
4.5333333333332995,6.629547344712737e-84,40,1.0666666666666667
4.566666666666633,2.1388191188604576e-85,40,1.0666666666666667
4.599999999999966,6.660462366653405e-87,40,1.0666666666666667
4.633333333333299,2.0020240508298673e-88,40,1.0666666666666667
4.666666666666632,5.808494951731692e-90,40,1.0666666666666667
4.6999999999999655,1.6266065924625708e-91,40,1.0666666666666667
4.733333333333299,4.396646244662693e-93,40,1.0666666666666667
4.766666666666632,1.1470342976008273e-94,40,1.0666666666666667
4.799999999999965,2.8883063457810123e-96,40,1.0666666666666667
4.833333333333298,7.019697941449824e-98,40,1.0666666666666667
4.866666666666632,1.6466394353972386e-99,40,1.0666666666666667
4.899999999999965,3.7280381172982315e-101,40,1.0666666666666667
4.933333333333298,8.146310581480431e-103,40,1.0666666666666667
4.966666666666631,1.7180571868701406e-104,40,1.0666666666666667
4.9999999999999645,3.497121229879035e-106,40,1.0666666666666667
-5.0,1.7835628893707963e-106,41,1.0933333333333335
-4.966666666666667,4.0731896538117215e-103,41,1.0933333333333335
-4.933333333333334,1.8648777502384966e-101,41,1.0933333333333335
-4.9,8.237270331604519e-100,41,1.0933333333333335
-4.866666666666667,3.5117129897694665e-98,41,1.0933333333333335
-4.833333333333334,1.4449764926024937e-96,41,1.0933333333333335
-4.800000000000001,5.738681336952505e-95,41,1.0933333333333335
-4.7666666666666675,2.199767275495729e-93,41,1.0933333333333335
-4.733333333333334,8.138768133769612e-92,41,1.0933333333333335
-4.700000000000001,2.906445798977182e-90,41,1.0933333333333335
-4.666666666666668,1.0018253287074041e-88,41,1.0933333333333335
-4.633333333333335,3.333135430790152e-87,41,1.0933333333333335
-4.600000000000001,1.0704105714517153e-85,41,1.0933333333333335
-4.566666666666668,3.3181039035276127e-84,41,1.0933333333333335
-4.533333333333335,9.928367178056503e-83,41,1.0933333333333335
-4.500000000000002,2.8676125185331505e-81,41,1.0933333333333335
-4.466666666666669,7.995118290059704e-80,41,1.0933333333333335
-4.433333333333335,2.1517836760577967e-78,41,1.0933333333333335
-4.400000000000002,5.590487073729571e-77,41,1.0933333333333335
-4.366666666666669,1.4021246296045163e-75,41,1.0933333333333335
-4.333333333333336,3.3948355254307067e-74,41,1.0933333333333335
-4.3000000000000025,7.935163480318747e-73,41,1.0933333333333335
-4.266666666666669,1.7906413386587141e-71,41,1.0933333333333335
-4.233333333333336,3.901110325473174e-70,41,1.0933333333333335
-4.200000000000003,8.20553421907675e-69,41,1.0933333333333335
-4.16666666666667,1.6663930317732868e-67,41,1.0933333333333335
-4.133333333333336,3.267486658051245e-66,41,1.0933333333333335
-4.100000000000003,6.186297725605763e-65,41,1.0933333333333335
-4.06666666666667,1.1309522159960085e-63,41,1.0933333333333335
-4.033333333333337,1.996508012175149e-62,41,1.0933333333333335
-4.0000000000000036,3.403527750718539e-61,41,1.0933333333333335
-3.9666666666666703,5.603227724071358e-60,41,1.0933333333333335
-3.933333333333337,8.908787375333265e-59,41,1.0933333333333335
-3.900000000000004,1.3680193630051088e-57,41,1.0933333333333335
-3.8666666666666707,2.029002941274585e-56,41,1.0933333333333335
-3.8333333333333375,2.9067982665048453e-55,41,1.0933333333333335
-3.8000000000000043,4.0226804502871996e-54,41,1.0933333333333335
-3.766666666666671,5.377903184070586e-53,41,1.0933333333333335
-3.733333333333338,6.946042427409633e-52,41,1.0933333333333335
-3.7000000000000046,8.668042358397991e-51,41,1.0933333333333335
-3.6666666666666714,1.0451964427341136e-49,41,1.0933333333333335
-3.633333333333338,1.2178797909397994e-48,41,1.0933333333333335
-3.600000000000005,1.3714471207555155e-47,41,1.0933333333333335
-3.5666666666666718,1.4926663413536388e-46,41,1.0933333333333335
-3.5333333333333385,1.5703584220362493e-45,41,1.0933333333333335
-3.5000000000000053,1.5971037323767116e-44,41,1.0933333333333335
-3.466666666666672,1.570414655378961e-43,41,1.0933333333333335
-3.433333333333339,1.493116889791702e-42,41,1.0933333333333335
-3.4000000000000057,1.3728585664133564e-41,41,1.0933333333333335
-3.3666666666666725,1.2208648015468176e-40,41,1.0933333333333335
-3.3333333333333393,1.050218086180406e-39,41,1.0933333333333335
-3.300000000000006,8.740275281010233e-39,41,1.0933333333333335
-3.266666666666673,7.038356511233569e-38,41,1.0933333333333335
-3.2333333333333396,5.485145357729415e-37,41,1.0933333333333335
-3.2000000000000064,4.137608412699761e-36,41,1.0933333333333335
-3.166666666666673,3.0215663435694794e-35,41,1.0933333333333335
-3.13333333333334,2.1365697605112747e-34,41,1.0933333333333335
-3.1000000000000068,1.4631488236159318e-33,41,1.0933333333333335
-3.0666666666666735,9.705866610182232e-33,41,1.0933333333333335
-3.0333333333333403,6.238010015563051e-32,41,1.0933333333333335
-3.000000000000007,3.885249579361012e-31,41,1.0933333333333335
-2.966666666666674,2.3455876226307208e-30,41,1.0933333333333335
-2.9333333333333407,1.3729244315920477e-29,41,1.0933333333333335
-2.9000000000000075,7.793090108637589e-29,41,1.0933333333333335
-2.8666666666666742,4.290917327465983e-28,41,1.0933333333333335
-2.833333333333341,2.292348333344355e-27,41,1.0933333333333335
-2.800000000000008,1.1885485942922786e-26,41,1.0933333333333335
-2.7666666666666746,5.982436257603335e-26,41,1.0933333333333335
-2.7333333333333414,2.924057414479372e-25,41,1.0933333333333335
-2.700000000000008,1.3882415099990948e-24,41,1.0933333333333335
-2.666666666666675,6.4038725814751915e-24,41,1.0933333333333335
-2.6333333333333417,2.8711008497974315e-23,41,1.0933333333333335
-2.6000000000000085,1.251451615457092e-22,41,1.0933333333333335
-2.5666666666666753,5.304851085330531e-22,41,1.0933333333333335
-2.533333333333342,2.187566215822752e-21,41,1.0933333333333335
-2.500000000000009,8.77839050900813e-21,41,1.0933333333333335
-2.4666666666666757,3.429037684937762e-20,41,1.0933333333333335
-2.4333333333333425,1.3042841663037251e-19,41,1.0933333333333335
-2.4000000000000092,4.832305680923717e-19,41,1.0933333333333335
-2.366666666666676,1.744451191574174e-18,41,1.0933333333333335
-2.333333333333343,6.137983235011219e-18,41,1.0933333333333335
-2.3000000000000096,2.105693472699234e-17,41,1.0933333333333335
-2.2666666666666764,7.045421608686074e-17,41,1.0933333333333335
-2.233333333333343,2.2998549937206883e-16,41,1.0933333333333335
-2.20000000000001,7.326794577934012e-16,41,1.0933333333333335
-2.1666666666666767,2.2786893533320334e-15,41,1.0933333333333335
-2.1333333333333435,6.920699719719264e-15,41,1.0933333333333335
-2.1000000000000103,2.0532576604228615e-14,41,1.0933333333333335
-2.066666666666677,5.952488837704709e-14,41,1.0933333333333335
-2.033333333333344,1.6867342586505375e-13,41,1.0933333333333335
-2.0000000000000107,4.673226178904636e-13,41,1.0933333333333335
-1.9666666666666774,1.2662974240859403e-12,41,1.0933333333333335
-1.9333333333333442,3.356815471256594e-12,41,1.0933333333333335
-1.900000000000011,8.707891921636235e-12,41,1.0933333333333335
-1.8666666666666778,2.2111080566776202e-11,41,1.0933333333333335
-1.8333333333333446,5.497078573464493e-11,41,1.0933333333333335
-1.8000000000000114,1.33840708561621e-10,41,1.0933333333333335
-1.7666666666666782,3.1921487341957764e-10,41,1.0933333333333335
-1.733333333333345,7.459597108598894e-10,41,1.0933333333333335
-1.7000000000000117,1.7083528967109912e-09,41,1.0933333333333335
-1.6666666666666785,3.834914068277617e-09,41,1.0933333333333335
-1.6333333333333453,8.439721762198498e-09,41,1.0933333333333335
-1.600000000000012,1.8212350002729415e-08,41,1.0933333333333335
-1.5666666666666789,3.854181305339888e-08,41,1.0933333333333335
-1.5333333333333456,7.999841268909956e-08,41,1.0933333333333335
-1.5000000000000124,1.6287721728042903e-07,41,1.0933333333333335
-1.4666666666666792,3.253177890895508e-07,41,1.0933333333333335
-1.433333333333346,6.374630703302722e-07,41,1.0933333333333335
-1.4000000000000128,1.2255366217490494e-06,41,1.0933333333333335
-1.3666666666666796,2.3117435943971693e-06,41,1.0933333333333335
-1.3333333333333464,4.27866016274386e-06,41,1.0933333333333335
-1.3000000000000131,7.770319185831415e-06,41,1.0933333333333335
-1.26666666666668,1.3846421430776975e-05,41,1.0933333333333335
-1.2333333333333467,2.4210630700333082e-05,41,1.0933333333333335
-1.2000000000000135,4.153798703865192e-05,41,1.0933333333333335
-1.1666666666666803,6.992884022819504e-05,41,1.0933333333333335
-1.133333333333347,0.00011551558714274056,41,1.0933333333333335
-1.1000000000000139,0.00018724170730110434,41,1.0933333333333335
-1.0666666666666806,0.00029781789228886625,41,1.0933333333333335
-1.0333333333333474,0.0004648357984092911,41,1.0933333333333335
-1.0000000000000142,0.0007119859426037176,41,1.0933333333333335
-0.966666666666681,0.001070284831358844,41,1.0933333333333335
-0.9333333333333478,0.0015791731855094642,41,1.0933333333333335
-0.9000000000000146,0.002287311145977562,41,1.0933333333333335
-0.8666666666666814,0.003252879024269797,41,1.0933333333333335
-0.8333333333333481,0.004543204762162807,41,1.0933333333333335
-0.8000000000000149,0.006233589225671307,41,1.0933333333333335
-0.7666666666666817,0.00840528752803864,41,1.0933333333333335
-0.7333333333333485,0.011142718327270413,41,1.0933333333333335
-0.7000000000000153,0.014530093400433715,41,1.0933333333333335
-0.6666666666666821,0.018647761205992642,41,1.0933333333333335
-0.6333333333333488,0.023568616675727686,41,1.0933333333333335
-0.6000000000000156,0.029354930254299045,41,1.0933333333333335
-0.5666666666666824,0.03605589143643122,41,1.0933333333333335
-0.5333333333333492,0.04370605921749281,41,1.0933333333333335
-0.500000000000016,0.05232478736311968,41,1.0933333333333335
-0.4666666666666828,0.06191657198440889,41,1.0933333333333335
-0.43333333333334956,0.07247217390662433,41,1.0933333333333335
-0.40000000000001634,0.08397031039155003,41,1.0933333333333335
-0.3666666666666831,0.09637969212939113,41,1.0933333333333335
-0.3333333333333499,0.10966119502243635,41,1.0933333333333335
-0.3000000000000167,0.12376999243522144,41,1.0933333333333335
-0.2666666666666835,0.13865751957201808,41,1.0933333333333335
-0.23333333333335027,0.1542731890738264,41,1.0933333333333335
-0.20000000000001705,0.17056581860447997,41,1.0933333333333335
-0.16666666666668384,0.18748476261933814,41,1.0933333333333335
-0.13333333333335062,0.2049807657127322,41,1.0933333333333335
-0.10000000000001741,0.22300656265718796,41,1.0933333333333335
-0.0666666666666842,0.24151726648553903,41,1.0933333333333335
-0.03333333333335098,0.2604705678673757,41,1.0933333333333335
-1.7763568394002505e-14,0.27982679387078635,41,1.0933333333333335
0.03333333333331545,0.2995488199347825,41,1.0933333333333335
0.06666666666664867,0.31960188577102217,41,1.0933333333333335
0.09999999999998188,0.33995324606317096,41,1.0933333333333335
0.1333333333333151,0.36057170277944095,41,1.0933333333333335
0.1666666666666483,0.38142681658980415,41,1.0933333333333335
0.19999999999998153,0.4024877843447209,41,1.0933333333333335
0.23333333333331474,0.42372144905939996,41,1.0933333333333335
0.26666666666664796,0.4450890943631375,41,1.0933333333333335
0.29999999999998117,0.4665405040868372,41,1.0933333333333335
0.3333333333333144,0.4880034486081784,41,1.0933333333333335
0.3666666666666476,0.5093636844534999,41,1.0933333333333335
0.3999999999999808,0.5304275190977552,41,1.0933333333333335
0.43333333333331403,0.5508495878844409,41,1.0933333333333335
0.46666666666664725,0.5699951101701585,41,1.0933333333333335
0.49999999999998046,0.5866797618594988,41,1.0933333333333335
0.5333333333333137,0.5987054469376146,41,1.0933333333333335
0.5666666666666469,0.6021358033816154,41,1.0933333333333335
0.5999999999999801,0.5905411382289911,41,1.0933333333333335
0.6333333333333133,0.5553475844125123,41,1.0933333333333335
0.6666666666666465,0.4895525393424467,41,1.0933333333333335
0.6999999999999797,0.3951551188840183,41,1.0933333333333335
0.733333333333313,0.2875221754593086,41,1.0933333333333335
0.7666666666666462,0.18838228234094198,41,1.0933333333333335
0.7999999999999794,0.11264887255696465,41,1.0933333333333335
0.8333333333333126,0.06282367023426619,41,1.0933333333333335
0.8666666666666458,0.0334092724465765,41,1.0933333333333335
0.899999999999979,0.017260071409530606,41,1.0933333333333335
0.9333333333333123,0.008789641402260498,41,1.0933333333333335
0.9666666666666455,0.0044629661503198135,41,1.0933333333333335
0.9999999999999787,0.0022799298898378883,41,1.0933333333333335
1.033333333333312,0.0011795108366709141,41,1.0933333333333335
1.0666666666666451,0.0006201621436506719,41,1.0933333333333335
1.0999999999999783,0.0003314747508932893,41,1.0933333333333335
1.1333333333333115,0.00017964143450558575,41,1.0933333333333335
1.1666666666666448,9.827044845739251e-05,41,1.0933333333333335
1.199999999999978,5.398124816661589e-05,41,1.0933333333333335
1.2333333333333112,2.9628287941070447e-05,41,1.0933333333333335
1.2666666666666444,1.6179811414919547e-05,41,1.0933333333333335
1.2999999999999776,8.761663013650032e-06,41,1.0933333333333335
1.3333333333333108,4.69290087232876e-06,41,1.0933333333333335
1.366666666666644,2.4815161052668583e-06,41,1.0933333333333335
1.3999999999999773,1.2936100948335477e-06,41,1.0933333333333335
1.4333333333333105,6.641085942777027e-07,41,1.0933333333333335
1.4666666666666437,3.3547950004267116e-07,41,1.0933333333333335
1.499999999999977,1.6664655911319392e-07,41,1.0933333333333335
1.5333333333333101,8.135627523768839e-08,41,1.0933333333333335
1.5666666666666433,3.90161935550066e-08,41,1.0933333333333335
1.5999999999999766,1.8372860551201585e-08,41,1.0933333333333335
1.6333333333333098,8.49225490830182e-09,41,1.0933333333333335
1.666666666666643,3.851524313580658e-09,41,1.0933333333333335
1.6999999999999762,1.7134204248730673e-09,41,1.0933333333333335
1.7333333333333094,7.474496134915813e-10,41,1.0933333333333335
1.7666666666666426,3.1963649276182e-10,41,1.0933333333333335
1.7999999999999758,1.339554011963839e-10,41,1.0933333333333335
1.833333333333309,5.500073900691287e-11,41,1.0933333333333335
1.8666666666666423,2.2118580835460556e-11,41,1.0933333333333335
1.8999999999999755,8.7096901780724e-12,41,1.0933333333333335
1.9333333333333087,3.357227736016112e-12,41,1.0933333333333335
1.966666666666642,1.2663876744284017e-12,41,1.0933333333333335
1.9999999999999751,4.673414570310434e-13,41,1.0933333333333335
2.0333333333333083,1.6867717042614217e-13,41,1.0933333333333335
2.0666666666666416,5.952559608919188e-14,41,1.0933333333333335
2.0999999999999748,2.0532703609266274e-14,41,1.0933333333333335
2.133333333333308,6.920721331728939e-15,41,1.0933333333333335
2.166666666666641,2.2786928358512514e-15,41,1.0933333333333335
2.1999999999999744,7.326799884912409e-16,41,1.0933333333333335
2.2333333333333076,2.299855757571653e-16,41,1.0933333333333335
2.266666666666641,7.045422645865394e-17,41,1.0933333333333335
2.299999999999974,2.105693605404159e-17,41,1.0933333333333335
2.3333333333333073,6.137983394835921e-18,41,1.0933333333333335
2.3666666666666405,1.74445120967501e-18,41,1.0933333333333335
2.3999999999999737,4.832305700184798e-19,41,1.0933333333333335
2.433333333333307,1.3042841682282516e-19,41,1.0933333333333335
2.46666666666664,3.4290376867433475e-20,41,1.0933333333333335
2.4999999999999734,8.778390510601449e-21,41,1.0933333333333335
2.5333333333333066,2.1875662159559396e-21,41,1.0933333333333335
2.56666666666664,5.3048510854385825e-22,41,1.0933333333333335
2.599999999999973,1.2514516154662324e-22,41,1.0933333333333335
2.633333333333306,2.8711008498068237e-23,41,1.0933333333333335
2.6666666666666394,6.4038725814885796e-24,41,1.0933333333333335
2.6999999999999726,1.3882415100015576e-24,41,1.0933333333333335
2.733333333333306,2.924057414484373e-25,41,1.0933333333333335
2.766666666666639,5.982436257613599e-26,41,1.0933333333333335
2.7999999999999723,1.1885485942943482e-26,41,1.0933333333333335
2.8333333333333055,2.2923483333484122e-27,41,1.0933333333333335
2.8666666666666387,4.290917327473715e-28,41,1.0933333333333335
2.899999999999972,7.793090108651881e-29,41,1.0933333333333335
2.933333333333305,1.3729244315946107e-29,41,1.0933333333333335
2.9666666666666384,2.3455876226351783e-30,41,1.0933333333333335
2.9999999999999716,3.885249579368521e-31,41,1.0933333333333335
3.033333333333305,6.238010015575318e-32,41,1.0933333333333335
3.066666666666638,9.705866610201656e-33,41,1.0933333333333335
3.0999999999999712,1.4631488236189066e-33,41,1.0933333333333335
3.1333333333333044,2.136569760515699e-34,41,1.0933333333333335
3.1666666666666377,3.0215663435758326e-35,41,1.0933333333333335
3.199999999999971,4.137608412708611e-36,41,1.0933333333333335
3.233333333333304,5.485145357741327e-37,41,1.0933333333333335
3.2666666666666373,7.038356511249104e-38,41,1.0933333333333335
3.2999999999999705,8.74027528102982e-39,41,1.0933333333333335
3.3333333333333037,1.0502180861827993e-39,41,1.0933333333333335
3.366666666666637,1.2208648015496436e-40,41,1.0933333333333335
3.39999999999997,1.3728585664165824e-41,41,1.0933333333333335
3.4333333333333034,1.4931168897952702e-42,41,1.0933333333333335
3.4666666666666366,1.5704146553827568e-43,41,1.0933333333333335
3.49999999999997,1.5971037323806359e-44,41,1.0933333333333335
3.533333333333303,1.5703584220401567e-45,41,1.0933333333333335
3.5666666666666362,1.4926663413574069e-46,41,1.0933333333333335
3.5999999999999694,1.3714471207590332e-47,41,1.0933333333333335
3.6333333333333027,1.2178797909429608e-48,41,1.0933333333333335
3.666666666666636,1.0451964427368667e-49,41,1.0933333333333335
3.699999999999969,8.668042358421182e-51,41,1.0933333333333335
3.7333333333333023,6.946042427428431e-52,41,1.0933333333333335
3.7666666666666355,5.377903184085345e-53,41,1.0933333333333335
3.7999999999999687,4.0226804502984043e-54,41,1.0933333333333335
3.833333333333302,2.9067982665130215e-55,41,1.0933333333333335
3.866666666666635,2.0290029412803816e-56,41,1.0933333333333335
3.8999999999999684,1.368019363009055e-57,41,1.0933333333333335
3.9333333333333016,8.908787375359426e-59,41,1.0933333333333335
3.966666666666635,5.60322772408798e-60,41,1.0933333333333335
3.999999999999968,3.4035277507287344e-61,41,1.0933333333333335
4.033333333333301,1.996508012181214e-62,41,1.0933333333333335
4.0666666666666345,1.1309522159994898e-63,41,1.0933333333333335
4.099999999999968,6.186297725625065e-65,41,1.0933333333333335
4.133333333333301,3.2674866580615293e-66,41,1.0933333333333335
4.166666666666634,1.666393031778599e-67,41,1.0933333333333335
4.199999999999967,8.205534219103165e-69,41,1.0933333333333335
4.2333333333333005,3.901110325485838e-70,41,1.0933333333333335
4.266666666666634,1.7906413386646298e-71,41,1.0933333333333335
4.299999999999967,7.935163480345182e-73,41,1.0933333333333335
4.3333333333333,3.394835525442205e-74,41,1.0933333333333335
4.366666666666633,1.4021246296093053e-75,41,1.0933333333333335
4.399999999999967,5.5904870737488215e-77,41,1.0933333333333335
4.4333333333333,2.1517836760653255e-78,41,1.0933333333333335
4.466666666666633,7.995118290087914e-80,41,1.0933333333333335
4.499999999999966,2.867612518543351e-81,41,1.0933333333333335
4.5333333333332995,9.928367178092367e-83,41,1.0933333333333335
4.566666666666633,3.318103903539695e-84,41,1.0933333333333335
4.599999999999966,1.0704105714556437e-85,41,1.0933333333333335
4.633333333333299,3.3331354308025684e-87,41,1.0933333333333335
4.666666666666632,1.001825328711165e-88,41,1.0933333333333335
4.6999999999999655,2.906445798988177e-90,41,1.0933333333333335
4.733333333333299,8.138768133800858e-92,41,1.0933333333333335
4.766666666666632,2.199767275504237e-93,41,1.0933333333333335
4.799999999999965,5.7386813369748616e-95,41,1.0933333333333335
4.833333333333298,1.4449764926082047e-96,41,1.0933333333333335
4.866666666666632,3.5117129897835614e-98,41,1.0933333333333335
4.899999999999965,8.237270332276934e-100,41,1.0933333333333335
4.933333333333298,1.864878087242551e-101,41,1.0933333333333335
4.966666666666631,4.074903851355155e-103,41,1.0933333333333335
4.9999999999999645,8.59378616179383e-105,41,1.0933333333333335
-5.0,4.386071225365455e-105,42,1.12
-4.966666666666667,9.324477929336951e-102,42,1.12
-4.933333333333334,4.1206717606291653e-100,42,1.12
-4.9,1.7567889337598525e-98,42,1.12
-4.866666666666667,7.229001098178271e-97,42,1.12
-4.833333333333334,2.871096524971137e-95,42,1.12
-4.800000000000001,1.1006061259941658e-93,42,1.12
-4.7666666666666675,4.0722534075532826e-92,42,1.12
-4.733333333333334,1.454322783126339e-90,42,1.12
-4.700000000000001,5.0131960276039055e-89,42,1.12
-4.666666666666668,1.6680209382945645e-87,42,1.12
-4.633333333333335,5.357061983902113e-86,42,1.12
-4.600000000000001,1.6607185194792015e-84,42,1.12
-4.566666666666668,4.9695356418855096e-83,42,1.12
-4.533333333333335,1.4354653112183392e-81,42,1.12
-4.500000000000002,4.002523328618881e-80,42,1.12
-4.466666666666669,1.0773256442881649e-78,42,1.12
-4.433333333333335,2.7992410960098153e-77,42,1.12
-4.400000000000002,7.02138206640287e-76,42,1.12
-4.366666666666669,1.7002130062522181e-74,42,1.12
-4.333333333333336,3.9745923633073964e-73,42,1.12
-4.3000000000000025,8.970180870920724e-72,42,1.12
-4.266666666666669,1.9545227444767463e-70,42,1.12
-4.233333333333336,4.1117203162316686e-69,42,1.12
-4.200000000000003,8.351470710493799e-68,42,1.12
-4.16666666666667,1.6378460961351607e-66,42,1.12
-4.133333333333336,3.101480827961748e-65,42,1.12
-4.100000000000003,5.6710985132702986e-64,42,1.12
-4.06666666666667,1.0013471549503773e-62,42,1.12
-4.033333333333337,1.7074186364392495e-61,42,1.12
-4.0000000000000036,2.8115964020965547e-60,42,1.12
-3.9666666666666703,4.471411326420225e-59,42,1.12
-3.933333333333337,6.868112953645901e-58,42,1.12
-3.900000000000004,1.0189558643249592e-56,42,1.12
-3.8666666666666707,1.4602392300674482e-55,42,1.12
-3.8333333333333375,2.0214852398499727e-54,42,1.12
-3.8000000000000043,2.7034855833678172e-53,42,1.12
-3.766666666666671,3.4931346159562525e-52,42,1.12
-3.733333333333338,4.360910695119348e-51,42,1.12
-3.7000000000000046,5.260712425807616e-50,42,1.12
-3.6666666666666714,6.132739166490987e-49,42,1.12
-3.633333333333338,6.909495425914283e-48,42,1.12
-3.600000000000005,7.524225696315184e-47,42,1.12
-3.5666666666666718,7.920364466219023e-46,42,1.12
-3.5333333333333385,8.06015197895124e-45,42,1.12
-3.5000000000000053,7.930591197996618e-44,42,1.12
-3.466666666666672,7.545439635577346e-43,42,1.12
-3.433333333333339,6.94281356483573e-42,42,1.12
-3.4000000000000057,6.178979852223672e-41,42,1.12
-3.3666666666666725,5.319733359222698e-40,42,1.12
-3.3333333333333393,4.4311808805824576e-39,42,1.12
-3.300000000000006,3.5716891599258045e-38,42,1.12
-3.266666666666673,2.7862740552697587e-37,42,1.12
-3.2333333333333396,2.1039959889060486e-36,42,1.12
-3.2000000000000064,1.5382088985733868e-35,42,1.12
-3.166666666666673,1.0889729223191361e-34,42,1.12
-3.13333333333334,7.466822435258133e-34,42,1.12
-3.1000000000000068,4.9597617931166795e-33,42,1.12
-3.0666666666666735,3.192162448962322e-32,42,1.12
-3.0333333333333403,1.9911541227314173e-31,42,1.12
-3.000000000000007,1.2039838613931757e-30,42,1.12
-2.966666666666674,7.058884636928289e-30,42,1.12
-2.9333333333333407,4.0138244354503306e-29,42,1.12
-2.9000000000000075,2.214104885312594e-28,42,1.12
-2.8666666666666742,1.1851396172153654e-27,42,1.12
-2.833333333333341,6.157288837834692e-27,42,1.12
-2.800000000000008,3.1058355454688854e-26,42,1.12
-2.7666666666666746,1.5214561369543e-25,42,1.12
-2.7333333333333414,7.240329362875641e-25,42,1.12
-2.700000000000008,3.348139161461564e-24,42,1.12
-2.666666666666675,1.5049625003986705e-23,42,1.12
-2.6333333333333417,6.57745170635922e-23,42,1.12
-2.6000000000000085,2.7959805851551372e-22,42,1.12
-2.5666666666666753,1.1563556886842306e-21,42,1.12
-2.533333333333342,4.6544378087705916e-21,42,1.12
-2.500000000000009,1.8238971532600186e-20,42,1.12
-2.4666666666666757,6.960340356969032e-20,42,1.12
-2.4333333333333425,2.5876047247087466e-19,42,1.12
-2.4000000000000092,9.374398041022731e-19,42,1.12
-2.366666666666676,3.3106069015517953e-18,42,1.12
-2.333333333333343,1.1400692959283257e-17,42,1.12
-2.3000000000000096,3.829609966093598e-17,42,1.12
-2.2666666666666764,1.255212170495306e-16,42,1.12
-2.233333333333343,4.015668369401309e-16,42,1.12
-2.20000000000001,1.25433742635205e-15,42,1.12
-2.1666666666666767,3.826689588756323e-15,42,1.12
-2.1333333333333435,1.140563297878024e-14,42,1.12
-2.1000000000000103,3.322279404838247e-14,42,1.12
-2.066666666666677,9.460300123463557e-14,42,1.12
-2.033333333333344,2.6342375313371235e-13,42,1.12
-2.0000000000000107,7.174854249751819e-13,42,1.12
-1.9666666666666774,1.912069044571319e-12,42,1.12
-1.9333333333333442,4.987094672846242e-12,42,1.12
-1.900000000000011,1.2733948018920872e-11,42,1.12
-1.8666666666666778,3.183933882755139e-11,42,1.12
-1.8333333333333446,7.797589456071372e-11,42,1.12
-1.8000000000000114,1.8709282955733602e-10,42,1.12
-1.7666666666666782,4.399002096030467e-10,42,1.12
-1.733333333333345,1.01378388450197e-09,42,1.12
-1.7000000000000117,2.2904368867387315e-09,42,1.12
-1.6666666666666785,5.074037315792659e-09,42,1.12
-1.6333333333333453,1.1023631972106891e-08,42,1.12
-1.600000000000012,2.3490767124950198e-08,42,1.12
-1.5666666666666789,4.9105380132303215e-08,42,1.12
-1.5333333333333456,1.0070951015821064e-07,42,1.12
-1.5000000000000124,2.026580810029416e-07,42,1.12
-1.4666666666666792,4.00170067839315e-07,42,1.12
-1.433333333333346,7.754269261976306e-07,42,1.12
-1.4000000000000128,1.4746023448038646e-06,42,1.12
-1.3666666666666796,2.752095031247899e-06,42,1.12
-1.3333333333333464,5.041020383373932e-06,42,1.12
-1.3000000000000131,9.062506113469687e-06,42,1.12
-1.26666666666668,1.5990369787726516e-05,42,1.12
-1.2333333333333467,2.7691897498518293e-05,42,1.12
-1.2000000000000135,4.706887468665271e-05,42,1.12
-1.1666666666666803,7.852446340139509e-05,42,1.12
-1.133333333333347,0.0001285792398817982,42,1.12
-1.1000000000000139,0.00020665166938658452,42,1.12
-1.0666666666666806,0.0003260025502826918,42,1.12
-1.0333333333333474,0.0005048182717491922,42,1.12
-1.0000000000000142,0.0007673744274239168,42,1.12
-0.966666666666681,0.0011451821912631173,42,1.12
-0.9333333333333478,0.0016779807321365477,42,1.12
-0.9000000000000146,0.00241440861809029,42,1.12
-0.8666666666666814,0.0034121761706236995,42,1.12
-0.8333333333333481,0.004737578842432978,42,1.12
-0.8000000000000149,0.006464244515317111,42,1.12
-0.7666666666666817,0.008671093269053564,42,1.12
-0.7333333333333485,0.011439595513076911,42,1.12
-0.7000000000000153,0.014850524001376559,42,1.12
-0.6666666666666821,0.01898048382252429,42,1.12
-0.6333333333333488,0.023898551143698037,42,1.12
-0.6000000000000156,0.029663344533025784,42,1.12
-0.5666666666666824,0.03632079319947828,42,1.12
-0.5333333333333492,0.04390276818671145,42,1.12
-0.500000000000016,0.05242662714615535,42,1.12
-0.4666666666666828,0.06189561411124075,42,1.12
-0.43333333333334956,0.0722999709597889,42,1.12
-0.40000000000001634,0.08361856720516689,42,1.12
-0.3666666666666831,0.09582083977369407,42,1.12
-0.3333333333333499,0.10886884908781456,42,1.12
-0.3000000000000167,0.12271929128920406,42,1.12
-0.2666666666666835,0.13732534958660514,42,1.12
-0.23333333333335027,0.15263831093977867,42,1.12
-0.20000000000001705,0.16860891197709807,42,1.12
-0.16666666666668384,0.18518840899141376,42,1.12
-0.13333333333335062,0.2023293844835141,42,1.12
-0.10000000000001741,0.21998632095944184,42,1.12
-0.0666666666666842,0.23811596731488605,42,1.12
-0.03333333333335098,0.25667754126669134,42,1.12
-1.7763568394002505e-14,0.2756327781412456,42,1.12
0.03333333333331545,0.29494587365682623,42,1.12
0.06666666666664867,0.3145832902020635,42,1.12
0.09999999999998188,0.3345134767838572,42,1.12
0.1333333333333151,0.3547063899454985,42,1.12
0.1666666666666483,0.3751328508217895,42,1.12
0.19999999999998153,0.39576344282876896,42,1.12
0.23333333333331474,0.41656686227907413,42,1.12
0.26666666666664796,0.4375069414609981,42,1.12
0.29999999999998117,0.4585376586991625,42,1.12
0.3333333333333144,0.47959383005287964,42,1.12
0.3666666666666476,0.5005742864204219,42,1.12
0.3999999999999808,0.5213098550824876,42,1.12
0.43333333333331403,0.5415031001136186,42,1.12
0.46666666666664725,0.560613099971358,42,1.12
0.49999999999998046,0.5776395212389109,42,1.12
0.5333333333333137,0.5907329060728561,42,1.12
0.5666666666666469,0.5965651678336981,42,1.12
0.5999999999999801,0.5895730111373061,42,1.12
0.6333333333333133,0.5618622682185498,42,1.12
0.6666666666666465,0.5057040259547793,42,1.12
0.6999999999999797,0.4199358948800345,42,1.12
0.733333333333313,0.3159006373485322,42,1.12
0.7666666666666462,0.21408137058663626,42,1.12
0.7999999999999794,0.1319111904392598,42,1.12
0.8333333333333126,0.07534379030235971,42,1.12
0.8666666666666458,0.04077165151722674,42,1.12
0.899999999999979,0.02130724126230435,42,1.12
0.9333333333333123,0.010917117179565849,42,1.12
0.9666666666666455,0.005549197589184745,42,1.12
0.9999999999999787,0.0028249438577043788,42,1.12
1.033333333333312,0.0014510087125879118,42,1.12
1.0666666666666451,0.0007557490678427705,42,1.12
1.0999999999999783,0.00039997225508601406,42,1.12
1.1333333333333115,0.00021489264336122885,42,1.12
1.1666666666666448,0.00011681721275006835,42,1.12
1.199999999999978,6.395112404835022e-05,42,1.12
1.2333333333333112,3.508106022853896e-05,42,1.12
1.2666666666666444,1.9195135691101752e-05,42,1.12
1.2999999999999776,1.0436404096219919e-05,42,1.12
1.3333333333333108,5.621603681221762e-06,42,1.12
1.366666666666644,2.9932595535594576e-06,42,1.12
1.3999999999999773,1.5728134931486716e-06,42,1.12
1.4333333333333105,8.14545109614226e-07,42,1.12
1.4666666666666437,4.1537765934927815e-07,42,1.12
1.499999999999977,2.0841790882571005e-07,42,1.12
1.5333333333333101,1.0283138158386273e-07,42,1.12
1.5666666666666433,4.986456915070129e-08,42,1.12
1.5999999999999766,2.3754224521683206e-08,42,1.12
1.6333333333333098,1.1112192496936675e-08,42,1.12
1.666666666666643,5.102837680423961e-09,42,1.12
1.6999999999999762,2.2994869663912317e-09,42,1.12
1.7333333333333094,1.016528459384172e-09,42,1.12
1.7666666666666426,4.4070250745212996e-10,42,1.12
1.7999999999999758,1.8731861590419492e-10,42,1.12
1.833333333333309,7.803699101941319e-11,42,1.12
1.8666666666666423,3.185521459308248e-11,42,1.12
1.8999999999999755,1.2737904285833928e-11,42,1.12
1.9333333333333087,4.988038926265253e-12,42,1.12
1.966666666666642,1.9122845965257884e-12,42,1.12
1.9999999999999751,7.17532422427587e-13,42,1.12
2.0333333333333083,2.634335265601606e-13,42,1.12
2.0666666666666416,9.460493701770982e-14,42,1.12
2.0999999999999748,3.322315871046111e-14,42,1.12
2.133333333333308,1.1405698222558846e-14,42,1.12
2.166666666666641,3.826700660110099e-15,42,1.12
2.1999999999999744,1.2543392058042093e-15,42,1.12
2.2333333333333076,4.015671074749475e-16,42,1.12
2.266666666666641,1.2552125590560343e-16,42,1.12
2.299999999999974,3.829610492674493e-17,42,1.12
2.3333333333333073,1.14006936318583e-17,42,1.12
2.3666666666666405,3.3106069824272004e-18,42,1.12
2.3999999999999737,9.374398132489175e-19,42,1.12
2.433333333333307,2.587604734429566e-19,42,1.12
2.46666666666664,6.96034036667133e-20,42,1.12
2.4999999999999734,1.8238971541694707e-20,42,1.12
2.5333333333333066,4.6544378095726534e-21,42,1.12
2.56666666666664,1.1563556887512814e-21,42,1.12
2.599999999999973,2.795980585209632e-22,42,1.12
2.633333333333306,6.577451706405591e-23,42,1.12
2.6666666666666394,1.5049625004034898e-23,42,1.12
2.6999999999999726,3.3481391614685085e-24,42,1.12
2.733333333333306,7.2403293628884675e-25,42,1.12
2.766666666666639,1.5214561369569038e-25,42,1.12
2.7999999999999723,3.10583554547422e-26,42,1.12
2.8333333333333055,6.157288837845427e-27,42,1.12
2.8666666666666387,1.1851396172174656e-27,42,1.12
2.899999999999972,2.214104885316588e-28,42,1.12
2.933333333333305,4.013824435457699e-29,42,1.12
2.9666666666666384,7.05888463694148e-30,42,1.12
2.9999999999999716,1.2039838613954658e-30,42,1.12
3.033333333333305,1.9911541227352687e-31,42,1.12
3.066666666666638,3.192162448968605e-32,42,1.12
3.0999999999999712,4.9597617931266124e-33,42,1.12
3.1333333333333044,7.466822435273325e-34,42,1.12
3.1666666666666377,1.0889729223213926e-34,42,1.12
3.199999999999971,1.538208898576623e-35,42,1.12
3.233333333333304,2.103995988910551e-36,42,1.12
3.2666666666666373,2.7862740552758125e-37,42,1.12
3.2999999999999705,3.571689159933692e-38,42,1.12
3.3333333333333037,4.431180880592392e-39,42,1.12
3.366666666666637,5.319733359234826e-40,42,1.12
3.39999999999997,6.178979852237981e-41,42,1.12
3.4333333333333034,6.94281356485205e-42,42,1.12
3.4666666666666366,7.545439635595383e-43,42,1.12
3.49999999999997,7.930591198015792e-44,42,1.12
3.533333333333303,8.060151978971049e-45,42,1.12
3.5666666666666362,7.920364466238735e-46,42,1.12
3.5999999999999694,7.524225696334183e-47,42,1.12
3.6333333333333027,6.90949542593201e-48,42,1.12
3.666666666666636,6.13273916650691e-49,42,1.12
3.699999999999969,5.260712425821476e-50,42,1.12
3.7333333333333023,4.360910695131018e-51,42,1.12
3.7666666666666355,3.493134615965708e-52,42,1.12
3.7999999999999687,2.7034855833752375e-53,42,1.12
3.833333333333302,2.021485239855604e-54,42,1.12
3.866666666666635,1.460239230071556e-55,42,1.12
3.8999999999999684,1.0189558643278705e-56,42,1.12
3.9333333333333016,6.868112953665715e-58,42,1.12
3.966666666666635,4.471411326433357e-59,42,1.12
3.999999999999968,2.811596402104896e-60,42,1.12
4.033333333333301,1.7074186364443646e-61,42,1.12
4.0666666666666345,1.0013471549534196e-62,42,1.12
4.099999999999968,5.6710985132877565e-64,42,1.12
4.133333333333301,3.1014808279714255e-65,42,1.12
4.166666666666634,1.6378460961403163e-66,42,1.12
4.199999999999967,8.351470710520425e-68,42,1.12
4.2333333333333005,4.1117203162449055e-69,42,1.12
4.266666666666634,1.9545227444830917e-70,42,1.12
4.299999999999967,8.97018087095036e-72,42,1.12
4.3333333333333,3.974592363320638e-73,42,1.12
4.366666666666633,1.7002130062579769e-74,42,1.12
4.399999999999967,7.021382066426854e-76,42,1.12
4.4333333333333,2.7992410960194548e-77,42,1.12
4.466666666666633,1.0773256442919344e-78,42,1.12
4.499999999999966,4.0025233286330036e-80,42,1.12
4.5333333333332995,1.4354653112234452e-81,42,1.12
4.566666666666633,4.9695356419034616e-83,42,1.12
4.599999999999966,1.6607185194852488e-84,42,1.12
4.633333333333299,5.357061983921774e-86,42,1.12
4.666666666666632,1.6680209383007784e-87,42,1.12
4.6999999999999655,5.013196027622725e-89,42,1.12
4.733333333333299,1.4543227831318407e-90,42,1.12
4.766666666666632,4.0722534075689165e-92,42,1.12
4.799999999999965,1.1006061259984227e-93,42,1.12
4.833333333333298,2.8710965249823224e-95,42,1.12
4.866666666666632,7.229001098207162e-97,42,1.12
4.899999999999965,1.756788933935402e-98,42,1.12
4.933333333333298,4.1206726180641444e-100,42,1.12
4.966666666666631,9.328687329293652e-102,42,1.12
4.9999999999999645,2.038343707122263e-103,42,1.12
-5.0,1.0411022096879587e-103,43,1.1466666666666667
-4.966666666666667,2.0603578106707095e-100,43,1.1466666666666667
-4.933333333333334,8.78860690776393e-99,43,1.1466666666666667
-4.9,3.61656088496945e-97,43,1.1466666666666667
-4.866666666666667,1.4364266569524483e-95,43,1.1466666666666667
-4.833333333333334,5.506645130519918e-94,43,1.1466666666666667
-4.800000000000001,2.037562252039127e-92,43,1.1466666666666667
-4.7666666666666675,7.277116946261666e-91,43,1.1466666666666667
-4.733333333333334,2.5086341405057293e-89,43,1.1466666666666667
-4.700000000000001,8.347376305388454e-88,43,1.1466666666666667
-4.666666666666668,2.6810375899648587e-86,43,1.1466666666666667
-4.633333333333335,8.31193270208748e-85,43,1.1466666666666667
-4.600000000000001,2.4874463519347057e-83,43,1.1466666666666667
-4.566666666666668,7.185630148689092e-82,43,1.1466666666666667
-4.533333333333335,2.003746432130383e-80,43,1.1466666666666667
-4.500000000000002,5.393805547996916e-79,43,1.1466666666666667
-4.466666666666669,1.4016218096692171e-77,43,1.1466666666666667
-4.433333333333335,3.516077661422876e-76,43,1.1466666666666667
-4.400000000000002,8.51506123674114e-75,43,1.1466666666666667
-4.366666666666669,1.9908068726868996e-73,43,1.1466666666666667
-4.333333333333336,4.493591500491623e-72,43,1.1466666666666667
-4.3000000000000025,9.792486684200268e-71,43,1.1466666666666667
-4.266666666666669,2.0603452485512946e-69,43,1.1466666666666667
-4.233333333333336,4.185507968969283e-68,43,1.1466666666666667
-4.200000000000003,8.209789082256961e-67,43,1.1466666666666667
-4.16666666666667,1.5549161493361207e-65,43,1.1466666666666667
-4.133333333333336,2.843738487115825e-64,43,1.1466666666666667
-4.100000000000003,5.022243178891695e-63,43,1.1466666666666667
-4.06666666666667,8.565448674762599e-62,43,1.1466666666666667
-4.033333333333337,1.4108049368230292e-60,43,1.1466666666666667
-4.0000000000000036,2.244242756392309e-59,43,1.1466666666666667
-3.9666666666666703,3.448114458833433e-58,43,1.1466666666666667
-3.933333333333337,5.117136378256897e-57,43,1.1466666666666667
-3.900000000000004,7.33553671510547e-56,43,1.1466666666666667
-3.8666666666666707,1.0158373992466112e-54,43,1.1466666666666667
-3.8333333333333375,1.359043987834246e-53,43,1.1466666666666667
-3.8000000000000043,1.7566747341773762e-52,43,1.1466666666666667
-3.766666666666671,2.193972775476513e-51,43,1.1466666666666667
-3.733333333333338,2.6478218859835895e-50,43,1.1466666666666667
-3.7000000000000046,3.08817413672109e-49,43,1.1466666666666667
-3.6666666666666714,3.48105127508618e-48,43,1.1466666666666667
-3.633333333333338,3.792776543990047e-47,43,1.1466666666666667
-3.600000000000005,3.994729710239083e-46,43,1.1466666666666667
-3.5666666666666718,4.067697117957196e-45,43,1.1466666666666667
-3.5333333333333385,4.004897421329404e-44,43,1.1466666666666667
-3.5000000000000053,3.813020577683429e-43,43,1.1466666666666667
-3.466666666666672,3.5110597384078486e-42,43,1.1466666666666667
-3.433333333333339,3.127217124289723e-41,43,1.1466666666666667
-3.4000000000000057,2.6945807474355276e-40,43,1.1466666666666667
-3.3666666666666725,2.246485339552347e-39,43,1.1466666666666667
-3.3333333333333393,1.8124432467590158e-38,43,1.1466666666666667
-3.300000000000006,1.4152929320377916e-37,43,1.1466666666666667
-3.266666666666673,1.0698564402526533e-36,43,1.1466666666666667
-3.2333333333333396,7.830358195630422e-36,43,1.1466666666666667
-3.2000000000000064,5.550064411040983e-35,43,1.1466666666666667
-3.166666666666673,3.810321662557736e-34,43,1.1466666666666667
-3.13333333333334,2.5343295426742967e-33,43,1.1466666666666667
-3.1000000000000068,1.6334153366574517e-32,43,1.1466666666666667
-3.0666666666666735,1.020375870331292e-31,43,1.1466666666666667
-3.0333333333333403,6.1795274294139945e-31,43,1.1466666666666667
-3.000000000000007,3.6290000246007156e-30,43,1.1466666666666667
-2.966666666666674,2.0671114107948242e-29,43,1.1466666666666667
-2.9333333333333407,1.1423468658409385e-28,43,1.1466666666666667
-2.9000000000000075,6.126389307849344e-28,43,1.1466666666666667
-2.8666666666666742,3.1893496631829758e-27,43,1.1466666666666667
-2.833333333333341,1.612174753595211e-26,43,1.1466666666666667
-2.800000000000008,7.915145126663235e-26,43,1.1466666666666667
-2.7666666666666746,3.775456458711265e-25,43,1.1466666666666667
-2.7333333333333414,1.7501423875784973e-24,43,1.1466666666666667
-2.700000000000008,7.886828970137134e-24,43,1.1466666666666667
-2.666666666666675,3.456132811252688e-23,43,1.1466666666666667
-2.6333333333333417,1.4732384175975022e-22,43,1.1466666666666667
-2.6000000000000085,6.1106510287391145e-22,43,1.1466666666666667
-2.5666666666666753,2.4670179336430527e-21,43,1.1466666666666667
-2.533333333333342,9.697663610642207e-21,43,1.1466666666666667
-2.500000000000009,3.7128920689230456e-20,43,1.1466666666666667
-2.4666666666666757,1.3849972200173741e-19,43,1.1466666666666667
-2.4333333333333425,5.035216038359817e-19,43,1.1466666666666667
-2.4000000000000092,1.784683687011335e-18,43,1.1466666666666667
-2.366666666666676,6.169066381692765e-18,43,1.1466666666666667
-2.333333333333343,2.0803353281243887e-17,43,1.1466666666666667
-2.3000000000000096,6.846095500440692e-17,43,1.1466666666666667
-2.2666666666666764,2.199314683005334e-16,43,1.1466666666666667
-2.233333333333343,6.8992932170079e-16,43,1.1466666666666667
-2.20000000000001,2.114128212848224e-15,43,1.1466666666666667
-2.1666666666666767,6.329985202566119e-15,43,1.1466666666666667
-2.1333333333333435,1.852474181856918e-14,43,1.1466666666666667
-2.1000000000000103,5.300431710670614e-14,43,1.1466666666666667
-2.066666666666677,1.4832327359103375e-13,43,1.1466666666666667
-2.033333333333344,4.060442131048076e-13,43,1.1466666666666667
-2.0000000000000107,1.0877463988517982e-12,43,1.1466666666666667
-1.9666666666666774,2.8522900489058406e-12,43,1.1466666666666667
-1.9333333333333442,7.323008531714396e-12,43,1.1466666666666667
-1.900000000000011,1.8413216750001042e-11,43,1.1466666666666667
-1.8666666666666778,4.535492128863368e-11,43,1.1466666666666667
-1.8333333333333446,1.094660841856457e-10,43,1.1466666666666667
-1.8000000000000114,2.5893805204439383e-10,43,1.1466666666666667
-1.7666666666666782,6.004383568311022e-10,43,1.1466666666666667
-1.733333333333345,1.3651685471603714e-09,43,1.1466666666666667
-1.7000000000000117,3.0439105952036952e-09,43,1.1466666666666667
-1.6666666666666785,6.657034406167939e-09,43,1.1466666666666667
-1.6333333333333453,1.4282402115157371e-08,43,1.1466666666666667
-1.600000000000012,3.006450559424148e-08,43,1.1466666666666667
-1.5666666666666789,6.210013672346256e-08,43,1.1466666666666667
-1.5333333333333456,1.2588172283583053e-07,43,1.1466666666666667
-1.5000000000000124,2.5043975900002725e-07,43,1.1466666666666667
-1.4666666666666792,4.890423915569621e-07,43,1.1466666666666667
-1.433333333333346,9.373858034583913e-07,43,1.1466666666666667
-1.4000000000000128,1.7637595841747362e-06,43,1.1466666666666667
-1.3666666666666796,3.2578067166020123e-06,43,1.1466666666666667
-1.3333333333333464,5.907285661360794e-06,43,1.1466666666666667
-1.3000000000000131,1.0515649029542336e-05,43,1.1466666666666667
-1.26666666666668,1.837706486355999e-05,43,1.1466666666666667
-1.2333333333333467,3.152923027978195e-05,43,1.1466666666666667
-1.2000000000000135,5.310710059992361e-05,43,1.1466666666666667
-1.1666666666666803,8.78211938558326e-05,43,1.1466666666666667
-1.133333333333347,0.00014258075862976825,43,1.1466666666666667
-1.1000000000000139,0.00022727294607387255,43,1.1466666666666667
-1.0666666666666806,0.0003556925432528821,43,1.1466666666666667
-1.0333333333333474,0.0005465919716834897,43,1.1466666666666667
-1.0000000000000142,0.0008247889113534158,43,1.1466666666666667
-0.966666666666681,0.0012222322286151207,43,1.1466666666666667
-0.9333333333333478,0.0017788918193319193,43,1.1466666666666667
-0.9000000000000146,0.0025433129860037334,43,1.1466666666666667
-0.8666666666666814,0.0035726706733990015,43,1.1466666666666667
-0.8333333333333481,0.004932181640783519,43,1.1466666666666667
-0.8000000000000149,0.0066937874147048,43,1.1466666666666667
-0.7666666666666817,0.00893410443652721,43,1.1466666666666667
-0.7333333333333485,0.011731738594288095,43,1.1466666666666667
-0.7000000000000153,0.015164160783673742,43,1.1466666666666667
-0.6666666666666821,0.019304417035806803,43,1.1466666666666667
-0.6333333333333488,0.024217983129225462,43,1.1466666666666667
-0.6000000000000156,0.029960060317213894,43,1.1466666666666667
-0.5666666666666824,0.03657354855075439,43,1.1466666666666667
-0.5333333333333492,0.044087839929760266,43,1.1466666666666667
-0.500000000000016,0.05251846835062579,43,1.1466666666666667
-0.4666666666666828,0.061867552139599255,43,1.1466666666666667
-0.43333333333334956,0.07212489111115634,43,1.1466666666666667
-0.40000000000001634,0.08326953585991156,43,1.1466666666666667
-0.3666666666666831,0.09527163584243865,43,1.1466666666666667
-0.3333333333333499,0.10809438730753135,43,1.1466666666666667
-0.3000000000000167,0.12169593426973427,43,1.1466666666666667
-0.2666666666666835,0.13603111521208658,43,1.1466666666666667
-0.23333333333335027,0.1510529880700481,43,1.1466666666666667
-0.20000000000001705,0.16671410139395168,43,1.1466666666666667
-0.16666666666668384,0.18296750530483072,43,1.1466666666666667
-0.13333333333335062,0.1997675180585279,43,1.1466666666666667
-0.10000000000001741,0.21707026908623483,43,1.1466666666666667
-0.0666666666666842,0.23483405535677793,43,1.1466666666666667
-0.03333333333335098,0.25301952982895437,43,1.1466666666666667
-1.7763568394002505e-14,0.27158976582246386,43,1.1466666666666667
0.03333333333331545,0.2905101905539556,43,1.1466666666666667
0.06666666666664867,0.30974843566777455,43,1.1466666666666667
0.09999999999998188,0.3292740447550186,43,1.1466666666666667
0.1333333333333151,0.34905808587969156,43,1.1466666666666667
0.1666666666666483,0.3690725004648313,43,1.1466666666666667
0.19999999999998153,0.3892891975537618,43,1.1466666666666667
0.23333333333331474,0.40967846791550816,43,1.1466666666666667
0.26666666666664796,0.43020649374986303,43,1.1466666666666667
0.29999999999998117,0.4508308021572922,43,1.1466666666666667
0.3333333333333144,0.47149240620379124,43,1.1466666666666667
0.3666666666666476,0.4921010979314168,43,1.1466666666666667
0.3999999999999808,0.5125084950255512,43,1.1466666666666667
0.43333333333331403,0.5324568609562484,43,1.1466666666666667
0.46666666666664725,0.551482948863373,43,1.1466666666666667
0.49999999999998046,0.5687373393305499,43,1.1466666666666667
0.5333333333333137,0.5826578279412384,43,1.1466666666666667
0.5666666666666469,0.5904267647762355,43,1.1466666666666667
0.5999999999999801,0.5872538762310748,43,1.1466666666666667
0.6333333333333133,0.5660104732649702,43,1.1466666666666667
0.6666666666666465,0.5187676920770918,43,1.1466666666666667
0.6999999999999797,0.4419910014895883,43,1.1466666666666667
0.733333333333313,0.34311169724862395,43,1.1466666666666667
0.7666666666666462,0.24038444399671724,43,1.1466666666666667
0.7999999999999794,0.15274340974352332,43,1.1466666666666667
0.8333333333333126,0.08948906789737536,43,1.1466666666666667
0.8666666666666458,0.04937005342371521,43,1.1466666666666667
0.899999999999979,0.026153013172382257,43,1.1466666666666667
0.9333333333333123,0.013512860413009793,43,1.1466666666666667
0.9666666666666455,0.006893271146577752,43,1.1466666666666667
0.9999999999999787,0.00350584078440629,43,1.1466666666666667
1.033333333333312,0.0017918282930027018,43,1.1466666666666667
1.0666666666666451,0.0009258795735327965,43,1.1466666666666667
1.0999999999999783,0.00048542585116307453,43,1.1466666666666667
1.1333333333333115,0.00025842400022677,43,1.1466666666666667
1.1666666666666448,0.00013943030152517027,43,1.1466666666666667
1.199999999999978,7.595161960538523e-05,43,1.1466666666666667
1.2333333333333112,4.157387412833255e-05,43,1.1466666666666667
1.2666666666666444,2.2758956514830698e-05,43,1.1466666666666667
1.2999999999999776,1.2408437056323006e-05,43,1.1466666666666667
1.3333333333333108,6.71485181667523e-06,43,1.1466666666666667
1.366666666666644,3.5972144129223497e-06,43,1.1466666666666667
1.3999999999999773,1.9039039908106456e-06,43,1.1466666666666667
1.4333333333333105,9.940960364897118e-07,43,1.1466666666666667
1.4666666666666437,5.114816332291102e-07,43,1.1466666666666667
1.499999999999977,2.591045528594318e-07,43,1.1466666666666667
1.5333333333333101,1.2914124717851556e-07,43,1.1466666666666667
1.5666666666666433,6.329280505477893e-08,43,1.1466666666666667
1.5999999999999766,3.048838129641787e-08,43,1.1466666666666667
1.6333333333333098,1.442853120869843e-08,43,1.1466666666666667
1.666666666666643,6.70583975530259e-09,43,1.1466666666666667
1.6999999999999762,3.0596830749051907e-09,43,1.1466666666666667
1.7333333333333094,1.3700947379403651e-09,43,1.1466666666666667
1.7666666666666426,6.019235378438319e-10,43,1.1466666666666667
1.7999999999999758,2.593697492733974e-10,43,1.1466666666666667
1.833333333333309,1.095869152554534e-10,43,1.1466666666666667
1.8666666666666423,4.5387447653809066e-11,43,1.1466666666666667
1.8999999999999755,1.842162675987184e-11,43,1.1466666666666667
1.9333333333333087,7.325094441211577e-12,43,1.1466666666666667
1.966666666666642,2.852785674351293e-12,43,1.1466666666666667
1.9999999999999751,1.087859061543692e-12,43,1.1466666666666667
2.0333333333333083,4.060686797227496e-13,43,1.1466666666666667
2.0666666666666416,1.483283426353245e-13,43,1.1466666666666667
2.0999999999999748,5.30053176201361e-14,43,1.1466666666666667
2.133333333333308,1.852492968528582e-14,43,1.1466666666666667
2.166666666666641,6.330018714181553e-15,43,1.1466666666666667
2.1999999999999744,2.114133883792526e-15,43,1.1466666666666667
2.2333333333333076,6.899302308549067e-16,43,1.1466666666666667
2.266666666666641,2.1993160620084624e-16,43,1.1466666666666667
2.299999999999974,6.846097476873086e-17,43,1.1466666666666667
2.3333333333333073,2.0803355954586065e-17,43,1.1466666666666667
2.3666666666666405,6.169066722553609e-18,43,1.1466666666666667
2.3999999999999737,1.7846837279350787e-18,43,1.1466666666666667
2.433333333333307,5.035216084578154e-19,43,1.1466666666666667
2.46666666666664,1.3849972249232565e-19,43,1.1466666666666667
2.4999999999999734,3.712892073814298e-20,43,1.1466666666666667
2.5333333333333066,9.697663615222994e-21,43,1.1466666666666667
2.56666666666664,2.4670179340468085e-21,43,1.1466666666666667
2.599999999999973,6.110651029076686e-22,43,1.1466666666666667
2.633333333333306,1.4732384176249906e-22,43,1.1466666666666667
2.6666666666666394,3.456132811276221e-23,43,1.1466666666666667
2.6999999999999726,7.886828970161872e-24,43,1.1466666666666667
2.733333333333306,1.7501423875820994e-24,43,1.1466666666666667
2.766666666666639,3.7754564587179445e-25,43,1.1466666666666667
2.7999999999999723,7.91514512667679e-26,43,1.1466666666666667
2.8333333333333055,1.6121747535979834e-26,43,1.1466666666666667
2.8666666666666387,3.1893496631885426e-27,43,1.1466666666666667
2.899999999999972,6.126389307860212e-28,43,1.1466666666666667
2.933333333333305,1.1423468658430014e-28,43,1.1466666666666667
2.9666666666666384,2.0671114107986228e-29,43,1.1466666666666667
2.9999999999999716,3.6290000246075035e-30,43,1.1466666666666667
3.033333333333305,6.179527429425759e-31,43,1.1466666666666667
3.066666666666638,1.0203758703332674e-31,43,1.1466666666666667
3.0999999999999712,1.6334153366606692e-32,43,1.1466666666666667
3.1333333333333044,2.5343295426793757e-33,43,1.1466666666666667
3.1666666666666377,3.8103216625654935e-34,43,1.1466666666666667
3.199999999999971,5.550064411052491e-35,43,1.1466666666666667
3.233333333333304,7.830358195646905e-36,43,1.1466666666666667
3.2666666666666373,1.0698564402549439e-36,43,1.1466666666666667
3.2999999999999705,1.4152929320408682e-37,43,1.1466666666666667
3.3333333333333037,1.81244324676302e-38,43,1.1466666666666667
3.366666666666637,2.246485339557386e-39,43,1.1466666666666667
3.39999999999997,2.6945807474416733e-40,43,1.1466666666666667
3.4333333333333034,3.1272171242969675e-41,43,1.1466666666666667
3.4666666666666366,3.511059738416104e-42,43,1.1466666666666667
3.49999999999997,3.813020577692547e-43,43,1.1466666666666667
3.533333333333303,4.0048974213390894e-44,43,1.1466666666666667
3.5666666666666362,4.067697117967195e-45,43,1.1466666666666667
3.5999999999999694,3.9947297102490274e-46,43,1.1466666666666667
3.6333333333333027,3.792776543999626e-47,43,1.1466666666666667
3.666666666666636,3.4810512750951125e-48,43,1.1466666666666667
3.699999999999969,3.08817413672911e-49,43,1.1466666666666667
3.7333333333333023,2.6478218859905664e-50,43,1.1466666666666667
3.7666666666666355,2.193972775482385e-51,43,1.1466666666666667
3.7999999999999687,1.756674734182132e-52,43,1.1466666666666667
3.833333333333302,1.3590439878379765e-53,43,1.1466666666666667
3.866666666666635,1.0158373992494415e-54,43,1.1466666666666667
3.8999999999999684,7.335536715126109e-56,43,1.1466666666666667
3.9333333333333016,5.117136378271519e-57,43,1.1466666666666667
3.966666666666635,3.448114458843382e-58,43,1.1466666666666667
3.999999999999968,2.2442427563989003e-59,43,1.1466666666666667
4.033333333333301,1.4108049368272152e-60,43,1.1466666666666667
4.0666666666666345,8.565448674788262e-62,43,1.1466666666666667
4.099999999999968,5.022243178906955e-63,43,1.1466666666666667
4.133333333333301,2.8437384871245797e-64,43,1.1466666666666667
4.166666666666634,1.5549161493409729e-65,43,1.1466666666666667
4.199999999999967,8.209789082282807e-67,43,1.1466666666666667
4.2333333333333005,4.185507968982628e-68,43,1.1466666666666667
4.266666666666634,2.060345248557928e-69,43,1.1466666666666667
4.299999999999967,9.792486684232062e-71,43,1.1466666666666667
4.3333333333333,4.49359150050647e-72,43,1.1466666666666667
4.366666666666633,1.9908068726935323e-73,43,1.1466666666666667
4.399999999999967,8.515061236769982e-75,43,1.1466666666666667
4.4333333333333,3.516077661434887e-76,43,1.1466666666666667
4.466666666666633,1.401621809674044e-77,43,1.1466666666666667
4.499999999999966,5.3938055480157896e-79,43,1.1466666666666667
4.5333333333332995,2.0037464321374535e-80,43,1.1466666666666667
4.566666666666633,7.185630148714653e-82,43,1.1466666666666667
4.599999999999966,2.4874463519436916e-83,43,1.1466666666666667
4.633333333333299,8.311932702117748e-85,43,1.1466666666666667
4.666666666666632,2.6810375899746984e-86,43,1.1466666666666667
4.6999999999999655,8.347376305419551e-88,43,1.1466666666666667
4.733333333333299,2.5086341405151473e-89,43,1.1466666666666667
4.766666666666632,7.277116946289195e-91,43,1.1466666666666667
4.799999999999965,2.0375622520469493e-92,43,1.1466666666666667
4.833333333333298,5.506645130541217e-94,43,1.1466666666666667
4.866666666666632,1.4364266569581289e-95,43,1.1466666666666667
4.899999999999965,3.616560885412613e-97,43,1.1466666666666667
4.933333333333298,8.788609013341657e-99,43,1.1466666666666667
4.966666666666631,2.0613554808856334e-100,43,1.1466666666666667
4.9999999999999645,4.666536700259509e-102,43,1.1466666666666667
-5.0,2.3853234606141523e-102,44,1.1733333333333333
-4.966666666666667,4.394355508992449e-99,44,1.1733333333333333
-4.933333333333334,1.8093106213900604e-97,44,1.1733333333333333
-4.9,7.186527588216124e-96,44,1.1733333333333333
-4.866666666666667,2.7551308457024437e-94,44,1.1733333333333333
-4.833333333333334,1.0194993393480396e-92,44,1.1733333333333333
-4.800000000000001,3.641311795696093e-91,44,1.1733333333333333
-4.7666666666666675,1.2553358513788843e-89,44,1.1733333333333333
-4.733333333333334,4.177326711167358e-88,44,1.1733333333333333
-4.700000000000001,1.3417731120526822e-86,44,1.1733333333333333
-4.666666666666668,4.1601400391964344e-85,44,1.1733333333333333
-4.633333333333335,1.2450636947623352e-83,44,1.1733333333333333
-4.600000000000001,3.5969710406955896e-82,44,1.1733333333333333
-4.566666666666668,1.003116939241159e-80,44,1.1733333333333333
-4.533333333333335,2.7004955890728024e-79,44,1.1733333333333333
-4.500000000000002,7.018127780506738e-78,44,1.1733333333333333
-4.466666666666669,1.7607357334854366e-76,44,1.1733333333333333
-4.433333333333335,4.264538727418916e-75,44,1.1733333333333333
-4.400000000000002,9.971614751741613e-74,44,1.1733333333333333
-4.366666666666669,2.251053280864182e-72,44,1.1733333333333333
-4.333333333333336,4.906197376463569e-71,44,1.1733333333333333
-4.3000000000000025,1.0324194200258931e-69,44,1.1733333333333333
-4.266666666666669,2.097650227826742e-68,44,1.1733333333333333
-4.233333333333336,4.115196267371237e-67,44,1.1733333333333333
-4.200000000000003,7.79550828652545e-66,44,1.1733333333333333
-4.16666666666667,1.425974138099041e-64,44,1.1733333333333333
-4.133333333333336,2.5188961701925284e-63,44,1.1733333333333333
-4.100000000000003,4.296943029816878e-62,44,1.1733333333333333
-4.06666666666667,7.079135900009604e-61,44,1.1733333333333333
-4.033333333333337,1.1264041025335357e-59,44,1.1733333333333333
-4.0000000000000036,1.7311112541008318e-58,44,1.1733333333333333
-3.9666666666666703,2.56978940291041e-57,44,1.1733333333333333
-3.933333333333337,3.6850089298469022e-56,44,1.1733333333333333
-3.900000000000004,5.1047726781243406e-55,44,1.1733333333333333
-3.8666666666666707,6.831897622746757e-54,44,1.1733333333333333
-3.8333333333333375,8.834165540849212e-53,44,1.1733333333333333
-3.8000000000000043,1.1037816076774278e-51,44,1.1733333333333333
-3.766666666666671,1.3326943166626817e-50,44,1.1733333333333333
-3.733333333333338,1.5550569322379276e-49,44,1.1733333333333333
-3.7000000000000046,1.7537647469730077e-48,44,1.1733333333333333
-3.6666666666666714,1.9118291426786288e-47,44,1.1733333333333333
-3.633333333333338,2.0147701114949724e-46,44,1.1733333333333333
-3.600000000000005,2.0528124416985482e-45,44,1.1733333333333333
-3.5666666666666718,2.0224223592158974e-44,44,1.1733333333333333
-3.5333333333333385,1.9268487744315004e-43,44,1.1733333333333333
-3.5000000000000053,1.7755543563105713e-42,44,1.1733333333333333
-3.466666666666672,1.5826736650332787e-41,44,1.1733333333333333
-3.433333333333339,1.3648456724098032e-40,44,1.1733333333333333
-3.4000000000000057,1.1388787553976221e-39,44,1.1733333333333333
-3.3666666666666725,9.196945271166855e-39,44,1.1733333333333333
-3.3333333333333393,7.188788927166576e-38,44,1.1733333333333333
-3.300000000000006,5.4399043636012175e-37,44,1.1733333333333333
-3.266666666666673,3.985943744417101e-36,44,1.1733333333333333
-3.2333333333333396,2.8285250275331243e-35,44,1.1733333333333333
-3.2000000000000064,1.94431262225702e-34,44,1.1733333333333333
-3.166666666666673,1.2949150933923532e-33,44,1.1733333333333333
-3.13333333333334,8.357592766415144e-33,44,1.1733333333333333
-3.1000000000000068,5.228595828790175e-32,44,1.1733333333333333
-3.0666666666666735,3.1714344815398698e-31,44,1.1733333333333333
-3.0333333333333403,1.8655188058169223e-30,44,1.1733333333333333
-3.000000000000007,1.0644533425444821e-29,44,1.1733333333333333
-2.966666666666674,5.893184330434728e-29,44,1.1733333333333333
-2.9333333333333407,3.166550224464413e-28,44,1.1733333333333333
-2.9000000000000075,1.651792174883535e-27,44,1.1733333333333333
-2.8666666666666742,8.367193233368522e-27,44,1.1733333333333333
-2.833333333333341,4.1170400464907665e-26,44,1.1733333333333333
-2.800000000000008,1.968336967035393e-25,44,1.1733333333333333
-2.7666666666666746,9.146469194225649e-25,44,1.1733333333333333
-2.7333333333333414,4.1321873080041305e-24,44,1.1733333333333333
-2.700000000000008,1.815573525005269e-23,44,1.1733333333333333
-2.666666666666675,7.760533536494367e-23,44,1.1733333333333333
-2.6333333333333417,3.2281321549321917e-22,44,1.1733333333333333
-2.6000000000000085,1.3071708877014015e-21,44,1.1733333333333333
-2.5666666666666753,5.154364356758059e-21,44,1.1733333333333333
-2.533333333333342,1.9797969311436754e-20,44,1.1733333333333333
-2.500000000000009,7.409869280618981e-20,44,1.1733333333333333
-2.4666666666666757,2.703252622626061e-19,44,1.1733333333333333
-2.4333333333333425,9.615917045065362e-19,44,1.1733333333333333
-2.4000000000000092,3.3362939927643732e-18,44,1.1733333333333333
-2.366666666666676,1.1294018484127611e-17,44,1.1733333333333333
-2.333333333333343,3.731501069304984e-17,44,1.1733333333333333
-2.3000000000000096,1.2036741079088864e-16,44,1.1733333333333333
-2.2666666666666764,3.7919513835259837e-16,44,1.1733333333333333
-2.233333333333343,1.1670298405743779e-15,44,1.1733333333333333
-2.20000000000001,3.5099572621334468e-15,44,1.1733333333333333
-2.1666666666666767,1.0319435015708634e-14,44,1.1733333333333333
-2.1333333333333435,2.966715115463557e-14,44,1.1733333333333333
-2.1000000000000103,8.342400770479714e-14,44,1.1733333333333333
-2.066666666666677,2.2952426510572445e-13,44,1.1733333333333333
-2.033333333333344,6.180348362211837e-13,44,1.1733333333333333
-2.0000000000000107,1.62916713100373e-12,44,1.1733333333333333
-1.9666666666666774,4.2053774652726086e-12,44,1.1733333333333333
-1.9333333333333442,1.0632753399387259e-11,44,1.1733333333333333
-1.900000000000011,2.633896490977335e-11,44,1.1733333333333333
-1.8666666666666778,6.393965046549462e-11,44,1.1733333333333333
-1.8333333333333446,1.5214648665351537e-10,44,1.1733333333333333
-1.8000000000000114,3.5495222043866527e-10,44,1.1733333333333333
-1.7666666666666782,8.120532992430553e-10,44,1.1733333333333333
-1.733333333333345,1.8221744742364258e-09,44,1.1733333333333333
-1.7000000000000117,4.0111014681736705e-09,44,1.1733333333333333
-1.6666666666666785,8.66315631623621e-09,44,1.1733333333333333
-1.6333333333333453,1.836076982829303e-08,44,1.1733333333333333
-1.600000000000012,3.819126868882197e-08,44,1.1733333333333333
-1.5666666666666789,7.797311122656927e-08,44,1.1733333333333333
-1.5333333333333456,1.5626993608901571e-07,44,1.1733333333333333
-1.5000000000000124,3.074620125331458e-07,44,1.1733333333333333
-1.4666666666666792,5.939126180347949e-07,44,1.1733333333333333
-1.433333333333346,1.1264004135287671e-06,44,1.1733333333333333
-1.4000000000000128,2.09759431310771e-06,44,1.1733333333333333
-1.3666666666666796,3.835516265732562e-06,44,1.1733333333333333
-1.3333333333333464,6.886707879958192e-06,44,1.1733333333333333
-1.3000000000000131,1.2142114698362568e-05,44,1.1733333333333333
-1.26666666666668,2.1022262951964635e-05,44,1.1733333333333333
-1.2333333333333467,3.574158620221757e-05,44,1.1733333333333333
-1.2000000000000135,5.9673868373861624e-05,44,1.1733333333333333
-1.1666666666666803,9.784042783312647e-05,44,1.1733333333333333
-1.133333333333347,0.0001575382818788672,44,1.1733333333333333
-1.1000000000000139,0.0002491154133588063,44,1.1733333333333333
-1.0666666666666806,0.0003868830369203828,44,1.1733333333333333
-1.0333333333333474,0.0005901299753905558,44,1.1733333333333333
-1.0000000000000142,0.0008841730823818738,44,1.1733333333333333
-0.966666666666681,0.0013013435294713484,44,1.1733333333333333
-0.9333333333333478,0.0018817776894446052,44,1.1733333333333333
-0.9000000000000146,0.0026738613424383247,44,1.1733333333333333
-0.8666666666666814,0.0037341757184350447,44,1.1733333333333333
-0.8333333333333481,0.005126820481209361,44,1.1733333333333333
-0.8000000000000149,0.006922044677386346,44,1.1733333333333333
-0.7666666666666817,0.009194197624398158,44,1.1733333333333333
-0.7333333333333485,0.012019105900062409,44,1.1733333333333333
-0.7000000000000153,0.01547107244971792,44,1.1733333333333333
-0.6666666666666821,0.019619760169534733,44,1.1733333333333333
-0.6333333333333488,0.024527249737086598,44,1.1733333333333333
-0.6000000000000156,0.03024554309064054,44,1.1733333333333333
-0.5666666666666824,0.03681472364039487,44,1.1733333333333333
-0.5333333333333492,0.04426189543782984,44,1.1733333333333333
-0.500000000000016,0.05260092475906499,44,1.1733333333333333
-0.4666666666666828,0.06183291765091097,44,1.1733333333333333
-0.43333333333334956,0.07194729968083959,44,1.1733333333333333
-0.40000000000001634,0.08292332654113788,44,1.1733333333333333
-0.3666666666666831,0.09473184539070836,44,1.1733333333333333
-0.3333333333333499,0.10733714189174862,44,1.1733333333333333
-0.3000000000000167,0.12069873771211828,44,1.1733333333333333
-0.2666666666666835,0.13477304021246986,44,1.1733333333333333
-0.23333333333335027,0.14951478284346936,44,1.1733333333333333
-0.20000000000001705,0.16487822612892278,44,1.1733333333333333
-0.16666666666668384,0.1808181157927055,44,1.1733333333333333
-0.13333333333335062,0.19729040845079338,44,1.1733333333333333
-0.10000000000001741,0.2142527922508437,44,1.1733333333333333
-0.0666666666666842,0.23166502330685565,44,1.1733333333333333
-0.03333333333335098,0.24948911712078278,44,1.1733333333333333
-1.7763568394002505e-14,0.2676894025232889,44,1.1733333333333333
0.03333333333331545,0.2862324822452927,44,1.1733333333333333
0.06666666666664867,0.30508707250776024,44,1.1733333333333333
0.09999999999998188,0.3242237699898609,44,1.1733333333333333
0.1333333333333151,0.34361464979991835,44,1.1733333333333333
0.1666666666666483,0.36323273531391514,44,1.1733333333333333
0.19999999999998153,0.38305109689532274,44,1.1733333333333333
0.23333333333331474,0.4030415360653126,44,1.1733333333333333
0.26666666666664796,0.4231722420163623,44,1.1733333333333333
0.29999999999998117,0.44340395760816914,44,1.1733333333333333
0.3333333333333144,0.4636829343620509,44,1.1733333333333333
0.3666666666666476,0.4839284769415683,44,1.1733333333333333
0.3999999999999808,0.5040096158050175,44,1.1733333333333333
0.43333333333331403,0.5237020248617248,44,1.1733333333333333
0.46666666666664725,0.5426067296695168,44,1.1733333333333333
0.49999999999998046,0.5599990480874737,44,1.1733333333333333
0.5333333333333137,0.574553731370325,44,1.1733333333333333
0.5666666666666469,0.5838804579487125,44,1.1733333333333333
0.5999999999999801,0.5838658007643022,44,1.1733333333333333
0.6333333333333133,0.5681602235151694,44,1.1733333333333333
0.6666666666666465,0.5290030994668525,44,1.1733333333333333
0.6999999999999797,0.4612185509736901,44,1.1733333333333333
0.733333333333313,0.36870199563958445,44,1.1733333333333333
0.7666666666666462,0.26680657100982436,44,1.1733333333333333
0.7999999999999794,0.17489203347554025,44,1.1733333333333333
0.8333333333333126,0.10523536099262275,44,1.1733333333333333
0.8666666666666458,0.05928590316990806,44,1.1733333333333333
0.899999999999979,0.031892417874066305,44,1.1733333333333333
0.9333333333333123,0.016650434741658914,44,1.1733333333333333
0.9666666666666455,0.008543411894095219,44,1.1733333333333333
0.9999999999999787,0.004351411027483954,44,1.1733333333333333
1.033333333333312,0.0022181469122937274,44,1.1733333333333333
1.0666666666666451,0.0011392220741578136,44,1.1733333333333333
1.0999999999999783,0.0005923098808839416,44,1.1733333333333333
1.1333333333333115,0.0003124713158337212,44,1.1733333333333333
1.1666666666666448,0.0001672000127791521,44,1.1733333333333333
1.199999999999978,9.050563031114609e-05,44,1.1733333333333333
1.2333333333333112,4.935633819579177e-05,44,1.1733333333333333
1.2666666666666444,2.699147047586775e-05,44,1.1733333333333333
1.2999999999999776,1.4736998741926309e-05,44,1.1733333333333333
1.3333333333333108,8.00285394049441e-06,44,1.1733333333333333
1.366666666666644,4.30938619661984e-06,44,1.1733333333333333
1.3999999999999773,2.2956576150509516e-06,44,1.1733333333333333
1.4333333333333105,1.207693484667267e-06,44,1.1733333333333333
1.4666666666666437,6.266004788929239e-07,44,1.1733333333333333
1.499999999999977,3.2031148919101275e-07,44,1.1733333333333333
1.5333333333333101,1.611986915829434e-07,44,1.1733333333333333
1.5666666666666433,7.981481738705078e-08,44,1.1733333333333333
1.5999999999999766,3.8860668891298015e-08,44,1.1733333333333333
1.6333333333333098,1.859711070277485e-08,44,1.1733333333333333
1.666666666666643,8.74410718156598e-09,44,1.1733333333333333
1.6999999999999762,4.037967255239703e-09,44,1.1733333333333333
1.7333333333333094,1.830803308174381e-09,44,1.1733333333333333
1.7666666666666426,8.147322439688586e-10,44,1.1733333333333333
1.7999999999999758,3.557552266197032e-10,44,1.1733333333333333
1.833333333333309,1.5237859847664574e-10,44,1.1733333333333333
1.8666666666666423,6.400427100999661e-11,44,1.1733333333333333
1.8999999999999755,2.6356271047911593e-11,44,1.1733333333333333
1.9333333333333087,1.063720621717781e-11,44,1.1733333333333333
1.966666666666642,4.20647675138813e-12,44,1.1733333333333333
1.9999999999999751,1.629427177038616e-12,44,1.1733333333333333
2.0333333333333083,6.180937020897405e-13,44,1.1733333333333333
2.0666666666666416,2.2953699867147527e-13,44,1.1733333333333333
2.0999999999999748,8.342663616030949e-14,44,1.1733333333333333
2.133333333333308,2.9667668167159384e-14,44,1.1733333333333333
2.166666666666641,1.0319531784539241e-14,44,1.1733333333333333
2.1999999999999744,3.5099744725182378e-15,44,1.1733333333333333
2.2333333333333076,1.167032744996687e-15,44,1.1733333333333333
2.266666666666641,3.791956028118189e-16,44,1.1733333333333333
2.299999999999974,1.2036748107771616e-16,44,1.1733333333333333
2.3333333333333073,3.7315020745642235e-17,44,1.1733333333333333
2.3666666666666405,1.1294019841260572e-17,44,1.1733333333333333
2.3999999999999737,3.3362941655057123e-18,44,1.1733333333333333
2.433333333333307,9.615917252137022e-19,44,1.1733333333333333
2.46666666666664,2.703252645979792e-19,44,1.1733333333333333
2.4999999999999734,7.409869305377432e-20,44,1.1733333333333333
2.5333333333333066,1.9797969336094893e-20,44,1.1733333333333333
2.56666666666664,5.1543643590653315e-21,44,1.1733333333333333
2.599999999999973,1.3071708879046537e-21,44,1.1733333333333333
2.633333333333306,3.228132155102154e-22,44,1.1733333333333333
2.6666666666666394,7.760533536633047e-23,44,1.1733333333333333
2.6999999999999726,1.8155735250172156e-23,44,1.1733333333333333
2.733333333333306,4.132187308016833e-24,44,1.1733333333333333
2.766666666666639,9.146469194244337e-25,44,1.1733333333333333
2.7999999999999723,1.9683369670388715e-25,44,1.1733333333333333
2.8333333333333055,4.1170400464978223e-26,44,1.1733333333333333
2.8666666666666387,8.367193233382927e-27,44,1.1733333333333333
2.899999999999972,1.6517921748864213e-27,44,1.1733333333333333
2.933333333333305,3.1665502244700372e-28,44,1.1733333333333333
2.9666666666666384,5.893184330445383e-29,44,1.1733333333333333
2.9999999999999716,1.0644533425464402e-29,44,1.1733333333333333
3.033333333333305,1.865518805820415e-30,44,1.1733333333333333
3.066666666666638,3.171434481545913e-31,44,1.1733333333333333
3.0999999999999712,5.228595828800306e-32,44,1.1733333333333333
3.1333333333333044,8.35759276643162e-33,44,1.1733333333333333
3.1666666666666377,1.2949150933949503e-33,44,1.1733333333333333
3.199999999999971,1.9443126222609814e-34,44,1.1733333333333333
3.233333333333304,2.8285250275389926e-35,44,1.1733333333333333
3.2666666666666373,3.985943744425496e-36,44,1.1733333333333333
3.2999999999999705,5.439904363612871e-37,44,1.1733333333333333
3.3333333333333037,7.18878892718221e-38,44,1.1733333333333333
3.366666666666637,9.196945271187184e-39,44,1.1733333333333333
3.39999999999997,1.1388787554001778e-39,44,1.1733333333333333
3.4333333333333034,1.3648456724129172e-40,44,1.1733333333333333
3.4666666666666366,1.5826736650369464e-41,44,1.1733333333333333
3.49999999999997,1.7755543563147474e-42,44,1.1733333333333333
3.533333333333303,1.9268487744361096e-43,44,1.1733333333333333
3.5666666666666362,2.02242235922079e-44,44,1.1733333333333333
3.5999999999999694,2.0528124417035957e-45,44,1.1733333333333333
3.6333333333333027,2.0147701114999893e-46,44,1.1733333333333333
3.666666666666636,1.9118291426834585e-47,44,1.1733333333333333
3.699999999999969,1.753764746977509e-48,44,1.1733333333333333
3.7333333333333023,1.555056932241967e-49,44,1.1733333333333333
3.7666666666666355,1.332694316666194e-50,44,1.1733333333333333
3.7999999999999687,1.1037816076803824e-51,44,1.1733333333333333
3.833333333333302,8.834165540873133e-53,44,1.1733333333333333
3.866666666666635,6.831897622765513e-54,44,1.1733333333333333
3.8999999999999684,5.104772678138565e-55,44,1.1733333333333333
3.9333333333333016,3.6850089298572714e-56,44,1.1733333333333333
3.966666666666635,2.5697894029177543e-57,44,1.1733333333333333
3.999999999999968,1.731111254105827e-58,44,1.1733333333333333
4.033333333333301,1.1264041025368442e-59,44,1.1733333333333333
4.0666666666666345,7.07913590003061e-61,44,1.1733333333333333
4.099999999999968,4.296943029829754e-62,44,1.1733333333333333
4.133333333333301,2.518896170200183e-63,44,1.1733333333333333
4.166666666666634,1.4259741381034312e-64,44,1.1733333333333333
4.199999999999967,7.795508286549777e-66,44,1.1733333333333333
4.2333333333333005,4.115196267384193e-67,44,1.1733333333333333
4.266666666666634,2.09765022783343e-68,44,1.1733333333333333
4.299999999999967,1.0324194200292173e-69,44,1.1733333333333333
4.3333333333333,4.906197376479499e-71,44,1.1733333333333333
4.366666666666633,2.25105328087162e-72,44,1.1733333333333333
4.399999999999967,9.971614751774836e-74,44,1.1733333333333333
4.4333333333333,4.264538727433361e-75,44,1.1733333333333333
4.466666666666633,1.7607357334914514e-76,44,1.1733333333333333
4.499999999999966,7.0181277805309075e-78,44,1.1733333333333333
4.5333333333332995,2.700495589082252e-79,44,1.1733333333333333
4.566666666666633,1.0031169392446987e-80,44,1.1733333333333333
4.599999999999966,3.596971040708385e-82,44,1.1733333333333333
4.633333333333299,1.245063694766833e-83,44,1.1733333333333333
4.666666666666632,4.1601400392115835e-85,44,1.1733333333333333
4.6999999999999655,1.3417731120576067e-86,44,1.1733333333333333
4.733333333333299,4.1773267111829205e-88,44,1.1733333333333333
4.766666666666632,1.255335851383597e-89,44,1.1733333333333333
4.799999999999965,3.6413117957098683e-91,44,1.1733333333333333
4.833333333333298,1.0194993393519537e-92,44,1.1733333333333333
4.866666666666632,2.755130845713315e-94,44,1.1733333333333333
4.899999999999965,7.1865275892973154e-96,44,1.1733333333333333
4.933333333333298,1.8093111204467493e-97,44,1.1733333333333333
4.966666666666631,4.396637775020958e-99,44,1.1733333333333333
4.9999999999999645,1.0311982915476606e-100,44,1.1733333333333333
-5.0,5.275257630769011e-101,45,1.2000000000000002
-4.966666666666667,9.046672373123333e-98,45,1.2000000000000002
-4.933333333333334,3.595460971862558e-96,45,1.2000000000000002
-4.9,1.378470078161917e-94,45,1.2000000000000002
-4.866666666666667,5.101089960534306e-93,45,1.2000000000000002
-4.833333333333334,1.8220334632708977e-91,45,1.2000000000000002
-4.800000000000001,6.281776753591162e-90,45,1.2000000000000002
-4.7666666666666675,2.090484011481527e-88,45,1.2000000000000002
-4.733333333333334,6.715142239520306e-87,45,1.2000000000000002
-4.700000000000001,2.082158682953801e-85,45,1.2000000000000002
-4.666666666666668,6.232027339371939e-84,45,1.2000000000000002
-4.633333333333335,1.800565590367393e-82,45,1.2000000000000002
-4.600000000000001,5.021810014679606e-81,45,1.2000000000000002
-4.566666666666668,1.352046280056749e-79,45,1.2000000000000002
-4.533333333333335,3.5140794749495745e-78,45,1.2000000000000002
-4.500000000000002,8.817181145372546e-77,45,1.2000000000000002
-4.466666666666669,2.1357784275997113e-75,45,1.2000000000000002
-4.433333333333335,4.994611054538234e-74,45,1.2000000000000002
-4.400000000000002,1.1276589097958004e-72,45,1.2000000000000002
-4.366666666666669,2.458084495607655e-71,45,1.2000000000000002
-4.333333333333336,5.1733523665337865e-70,45,1.2000000000000002
-4.3000000000000025,1.0512782126016027e-68,45,1.2000000000000002
-4.266666666666669,2.062760230785748e-67,45,1.2000000000000002
-4.233333333333336,3.9082423944018586e-66,45,1.2000000000000002
-4.200000000000003,7.150446671832061e-65,45,1.2000000000000002
-4.16666666666667,1.2633458392395268e-63,45,1.2000000000000002
-4.133333333333336,2.1556013855989344e-62,45,1.2000000000000002
-4.100000000000003,3.5521624308557646e-61,45,1.2000000000000002
-4.06666666666667,5.653505227816763e-60,45,1.2000000000000002
-4.033333333333337,8.690951950004207e-59,45,1.2000000000000002
-4.0000000000000036,1.2905267219678727e-57,45,1.2000000000000002
-3.9666666666666703,1.8511600211939553e-56,45,1.2000000000000002
-3.933333333333337,2.5652352860767223e-55,45,1.2000000000000002
-3.900000000000004,3.434373856022613e-54,45,1.2000000000000002
-3.8666666666666707,4.442606633815228e-53,45,1.2000000000000002
-3.8333333333333375,5.553067526500872e-52,45,1.2000000000000002
-3.8000000000000043,6.707642411017654e-51,45,1.2000000000000002
-3.766666666666671,7.830473741573509e-50,45,1.2000000000000002
-3.733333333333338,8.835458450698172e-49,45,1.2000000000000002
-3.7000000000000046,9.63689856000504e-48,45,1.2000000000000002
-3.6666666666666714,1.0161538794823513e-46,45,1.2000000000000002
-3.633333333333338,1.0359653665626673e-45,45,1.2000000000000002
-3.600000000000005,1.0212850301654235e-44,45,1.2000000000000002
-3.5666666666666718,9.736884494242429e-44,45,1.2000000000000002
-3.5333333333333385,8.978892899513652e-43,45,1.2000000000000002
-3.5000000000000053,8.009710763887969e-42,45,1.2000000000000002
-3.466666666666672,6.913006079864545e-41,45,1.2000000000000002
-3.433333333333339,5.773527460239775e-40,45,1.2000000000000002
-3.4000000000000057,4.666714919203917e-39,45,1.2000000000000002
-3.3666666666666725,3.651338401353169e-38,45,1.2000000000000002
-3.3333333333333393,2.765936908156443e-37,45,1.2000000000000002
-3.300000000000006,2.028915816844383e-36,45,1.2000000000000002
-3.266666666666673,1.4414620355845683e-35,45,1.2000000000000002
-3.2333333333333396,9.920860298505955e-35,45,1.2000000000000002
-3.2000000000000064,6.616001718338422e-34,45,1.2000000000000002
-3.166666666666673,4.276012014320423e-33,45,1.2000000000000002
-3.13333333333334,2.679043669064705e-32,45,1.2000000000000002
-3.1000000000000068,1.6275052046020107e-31,45,1.2000000000000002
-3.0666666666666735,9.589023820524121e-31,45,1.2000000000000002
-3.0333333333333403,5.480838436799404e-30,45,1.2000000000000002
-3.000000000000007,3.03986810550821e-29,45,1.2000000000000002
-2.966666666666674,1.6364977793594306e-28,45,1.2000000000000002
-2.9333333333333407,8.553620090939412e-28,45,1.2000000000000002
-2.9000000000000075,4.341924127907482e-27,45,1.2000000000000002
-2.8666666666666742,2.14110963198956e-26,45,1.2000000000000002
-2.833333333333341,1.0260044496845391e-25,45,1.2000000000000002
-2.800000000000008,4.779086599437363e-25,45,1.2000000000000002
-2.7666666666666746,2.164510502353835e-24,45,1.2000000000000002
-2.7333333333333414,9.535191084737627e-24,45,1.2000000000000002
-2.700000000000008,4.08687613364739e-23,45,1.2000000000000002
-2.666666666666675,1.7048447537163592e-22,45,1.2000000000000002
-2.6333333333333417,6.923881115331726e-22,45,1.2000000000000002
-2.6000000000000085,2.738588786125639e-21,45,1.2000000000000002
-2.5666666666666753,1.0552570099569078e-20,45,1.2000000000000002
-2.533333333333342,3.962652858147393e-20,45,1.2000000000000002
-2.500000000000009,1.4506161578702142e-19,45,1.2000000000000002
-2.4666666666666757,5.17845198656363e-19,45,1.2000000000000002
-2.4333333333333425,1.8033096275134896e-18,45,1.2000000000000002
-2.4000000000000092,6.127805094317074e-18,45,1.2000000000000002
-2.366666666666676,2.0325652342907107e-17,45,1.2000000000000002
-2.333333333333343,6.583071463750813e-17,45,1.2000000000000002
-2.3000000000000096,2.0825507452282408e-16,45,1.2000000000000002
-2.2666666666666764,6.436986256826329e-16,45,1.2000000000000002
-2.233333333333343,1.94457620024302e-15,45,1.2000000000000002
-2.20000000000001,5.743232428141485e-15,45,1.2000000000000002
-2.1666666666666767,1.6588554208384336e-14,45,1.2000000000000002
-2.1333333333333435,4.687172136025152e-14,45,1.2000000000000002
-2.1000000000000103,1.2959570813016966e-13,45,1.2000000000000002
-2.066666666666677,3.5072942196291544e-13,45,1.2000000000000002
-2.033333333333344,9.29345698054207e-13,45,1.2000000000000002
-2.0000000000000107,2.4117061507434357e-12,45,1.2000000000000002
-1.9666666666666774,6.130960265173414e-12,45,1.2000000000000002
-1.9333333333333442,1.5272171187387766e-11,45,1.2000000000000002
-1.900000000000011,3.72862019316459e-11,45,1.2000000000000002
-1.8666666666666778,8.92427257771534e-11,45,1.2000000000000002
-1.8333333333333446,2.094459354276994e-10,45,1.2000000000000002
-1.8000000000000114,4.82099892821029e-10,45,1.2000000000000002
-1.7666666666666782,1.0885633466986798e-09,45,1.2000000000000002
-1.733333333333345,2.4115773806224617e-09,45,1.2000000000000002
-1.7000000000000117,5.2426653808903265e-09,45,1.2000000000000002
-1.6666666666666785,1.1185935584027562e-08,45,1.2000000000000002
-1.6333333333333453,2.3427212225824546e-08,45,1.2000000000000002
-1.600000000000012,4.816693937889351e-08,45,1.2000000000000002
-1.5666666666666789,9.723059779657486e-08,45,1.2000000000000002
-1.5333333333333456,1.927175441892409e-07,45,1.2000000000000002
-1.5000000000000124,3.750912113995243e-07,45,1.2000000000000002
-1.4666666666666792,7.169309781819559e-07,45,1.2000000000000002
-1.433333333333346,1.3457526561373115e-06,45,1.2000000000000002
-1.4000000000000128,2.480955651149238e-06,45,1.2000000000000002
-1.3666666666666796,4.492142491164247e-06,45,1.2000000000000002
-1.3333333333333464,7.9887889380947e-06,45,1.2000000000000002
-1.3000000000000131,1.3954406514202573e-05,45,1.2000000000000002
-1.26666666666668,2.394162444428309e-05,45,1.2000000000000002
-1.2333333333333467,4.0347441855907716e-05,45,1.2000000000000002
-1.2000000000000135,6.678934796000516e-05,45,1.2000000000000002
-1.1666666666666803,0.00010860182365842628,45,1.2000000000000002
-1.133333333333347,0.0001734674234479955,45,1.2000000000000002
-1.1000000000000139,0.00027218568736482514,45,1.2000000000000002
-1.0666666666666806,0.00041956545539494473,45,1.2000000000000002
-1.0333333333333474,0.0006354016429400579,45,1.2000000000000002
-1.0000000000000142,0.0009454677041121837,45,1.2000000000000002
-0.966666666666681,0.001382423520866663,45,1.2000000000000002
-0.9333333333333478,0.001986511228055459,45,1.2000000000000002
-0.9000000000000146,0.0028058961077350934,45,1.2000000000000002
-0.8666666666666814,0.0038965139610702506,45,1.2000000000000002
-0.8333333333333481,0.005321316071066779,45,1.2000000000000002
-0.8000000000000149,0.0071488592564617716,45,1.2000000000000002
-0.7666666666666817,0.009451266447900142,45,1.2000000000000002
-0.7333333333333485,0.012301670874500452,45,1.2000000000000002
-0.7000000000000153,0.015771337818303942,45,1.2000000000000002
-0.6666666666666821,0.01992671471401806,45,1.2000000000000002
-0.6333333333333488,0.024826680052540087,45,1.2000000000000002
-0.6000000000000156,0.030520239109330088,45,1.2000000000000002
-0.5666666666666824,0.03704485476205487,45,1.2000000000000002
-0.5333333333333492,0.0444255175179719,45,1.2000000000000002
-0.500000000000016,0.05267456768087541,45,1.2000000000000002
-0.4666666666666828,0.06179220089078114,45,1.2000000000000002
-0.43333333333334956,0.07176752842013966,45,1.2000000000000002
-0.40000000000001634,0.08258003081582108,45,1.2000000000000002
-0.3666666666666831,0.09420123742747501,45,1.2000000000000002
-0.3333333333333499,0.10659647900057939,45,1.2000000000000002
-0.3000000000000167,0.11972658898438471,45,1.2000000000000002
-0.2666666666666835,0.13354946327710762,45,1.2000000000000002
-0.23333333333335027,0.14802142175403468,45,1.2000000000000002
-0.20000000000001705,0.16309834517606855,45,1.2000000000000002
-0.16666666666668384,0.17873658212680593,45,1.2000000000000002
-0.13333333333335062,0.19489364042408283,45,1.2000000000000002
-0.10000000000001741,0.21152868032740751,45,1.2000000000000002
-0.0666666666666842,0.22860284257092836,45,1.2000000000000002
-0.03333333333335098,0.2460794262751704,45,1.2000000000000002
-1.7763568394002505e-14,0.2639239568169189,45,1.2000000000000002
0.03333333333331545,0.28210413639790854,45,1.2000000000000002
0.06666666666664867,0.3005897222907495,45,1.2000000000000002
0.09999999999998188,0.31935228000468624,45,1.2000000000000002
0.1333333333333151,0.3383648592564499,45,1.2000000000000002
0.1666666666666483,0.3576014502925027,45,1.2000000000000002
0.19999999999998153,0.3770362437315623,45,1.2000000000000002
0.23333333333331474,0.39664234873975357,45,1.2000000000000002
0.26666666666664796,0.4163898288710008,45,1.2000000000000002
0.29999999999998117,0.4362421647481171,45,1.2000000000000002
0.3333333333333144,0.45615027704038896,45,1.2000000000000002
0.3666666666666476,0.4760415092424703,45,1.2000000000000002
0.3999999999999808,0.4957998428917897,45,1.2000000000000002
0.43333333333331403,0.5152288986855218,45,1.2000000000000002
0.46666666666664725,0.533983511871678,45,1.2000000000000002
0.49999999999998046,0.5514422450901378,45,1.2000000000000002
0.5333333333333137,0.5664762619549888,45,1.2000000000000002
0.5666666666666469,0.5770523094531983,45,1.2000000000000002
0.5999999999999801,0.5796424106498591,45,1.2000000000000002
0.6333333333333133,0.568645448926898,45,1.2000000000000002
0.6666666666666465,0.5367060848089371,45,1.2000000000000002
0.6999999999999797,0.47763317108460335,45,1.2000000000000002
0.733333333333313,0.3923199220774072,45,1.2000000000000002
0.7666666666666462,0.29286780220064285,45,1.2000000000000002
0.7999999999999794,0.19804321902737812,45,1.2000000000000002
0.8333333333333126,0.1225034493344317,45,1.2000000000000002
0.8666666666666458,0.07057536041042324,45,1.2000000000000002
0.899999999999979,0.03861568522330058,45,1.2000000000000002
0.9333333333333123,0.020406742170293143,45,1.2000000000000002
0.9666666666666455,0.01055258332440266,45,1.2000000000000002
0.9999999999999787,0.005394393345408003,45,1.2000000000000002
1.033333333333312,0.002748843941020056,45,1.2000000000000002
1.0666666666666451,0.0014061422655347394,45,1.2000000000000002
1.0999999999999783,0.0007260867327179732,45,1.2000000000000002
1.1333333333333115,0.00037981952186169073,45,1.2000000000000002
1.1666666666666448,0.0002015063624832538,45,1.2000000000000002
1.199999999999978,0.0001082832794467026,45,1.2000000000000002
1.2333333333333112,5.8750042939434836e-05,45,1.2000000000000002
1.2666666666666444,3.204711224265668e-05,45,1.2000000000000002
1.2999999999999776,1.749729510694253e-05,45,1.2000000000000002
1.3333333333333108,9.523232190937579e-06,45,1.2000000000000002
1.366666666666644,5.149267532898142e-06,45,1.2000000000000002
1.3999999999999773,2.7585432631007214e-06,45,1.2000000000000002
1.4333333333333105,1.4611300224550828e-06,45,1.2000000000000002
1.4666666666666437,7.640027581139604e-07,45,1.2000000000000002
1.499999999999977,3.9389965856656205e-07,45,1.2000000000000002
1.5333333333333101,2.0006317253484077e-07,45,1.2000000000000002
1.5666666666666433,1.0002968513209403e-07,45,1.2000000000000002
1.5999999999999766,4.9205965249823325e-08,45,1.2000000000000002
1.6333333333333098,2.380238832317043e-08,45,1.2000000000000002
1.666666666666643,1.1317539044916745e-08,45,1.2000000000000002
1.6999999999999762,5.287455259491695e-09,45,1.2000000000000002
1.7333333333333094,2.426349752732559e-09,45,1.2000000000000002
1.7666666666666426,1.0932792680420978e-09,45,1.2000000000000002
1.7999999999999758,4.83555421350866e-10,45,1.2000000000000002
1.833333333333309,2.0987974883934295e-10,45,1.2000000000000002
1.8666666666666423,8.936743476678358e-11,45,1.2000000000000002
1.8999999999999755,3.732073861438389e-11,45,1.2000000000000002
1.9333333333333087,1.5281373899785256e-11,45,1.2000000000000002
1.966666666666642,6.133316697130312e-12,45,1.2000000000000002
1.9999999999999751,2.412285226742398e-12,45,1.2000000000000002
2.0333333333333083,9.29482087855566e-13,45,1.2000000000000002
2.0666666666666416,3.507601691251e-13,45,1.2000000000000002
2.0999999999999748,1.2960233341932769e-13,45,1.2000000000000002
2.133333333333308,4.6873083972425733e-14,45,1.2000000000000002
2.166666666666641,1.6588821319838983e-14,45,1.2000000000000002
2.1999999999999744,5.743282264767985e-15,45,1.2000000000000002
2.2333333333333076,1.9445850376650305e-15,45,1.2000000000000002
2.266666666666641,6.437001130372019e-16,45,1.2000000000000002
2.299999999999974,2.0825531177873058e-16,45,1.2000000000000002
2.3333333333333073,6.583075045948837e-17,45,1.2000000000000002
2.3666666666666405,2.0325657455573974e-17,45,1.2000000000000002
2.3999999999999737,6.127805783237137e-18,45,1.2000000000000002
2.433333333333307,1.8033097150518458e-18,45,1.2000000000000002
2.46666666666664,5.178452091337383e-19,45,1.2000000000000002
2.4999999999999734,1.4506161696703704e-19,45,1.2000000000000002
2.5333333333333066,3.962652870641983e-20,45,1.2000000000000002
2.56666666666664,1.0552570111999773e-20,45,1.2000000000000002
2.599999999999973,2.7385887872877735e-21,45,1.2000000000000002
2.633333333333306,6.923881116354921e-22,45,1.2000000000000002
2.6666666666666394,1.7048447538019378e-22,45,1.2000000000000002
2.6999999999999726,4.086876133717365e-23,45,1.2000000000000002
2.733333333333306,9.535191084798294e-24,45,1.2000000000000002
2.766666666666639,2.16451050236036e-24,45,1.2000000000000002
2.7999999999999723,4.7790865994470595e-25,45,1.2000000000000002
2.8333333333333055,1.0260044496863504e-25,45,1.2000000000000002
2.8666666666666387,2.1411096319932322e-26,45,1.2000000000000002
2.899999999999972,4.341924127914966e-27,45,1.2000000000000002
2.933333333333305,8.553620090954376e-28,45,1.2000000000000002
2.9666666666666384,1.6364977793623406e-28,45,1.2000000000000002
2.9999999999999716,3.039868105513712e-29,45,1.2000000000000002
3.033333333333305,5.480838436809497e-30,45,1.2000000000000002
3.066666666666638,9.58902382054209e-31,45,1.2000000000000002
3.0999999999999712,1.6275052046051146e-31,45,1.2000000000000002
3.1333333333333044,2.6790436690699e-32,45,1.2000000000000002
3.1666666666666377,4.276012014328859e-33,45,1.2000000000000002
3.199999999999971,6.616001718351701e-34,45,1.2000000000000002
3.233333333333304,9.920860298526182e-35,45,1.2000000000000002
3.2666666666666373,1.4414620355875607e-35,45,1.2000000000000002
3.2999999999999705,2.028915816848659e-36,45,1.2000000000000002
3.3333333333333037,2.765936908162371e-37,45,1.2000000000000002
3.366666666666637,3.651338401361114e-38,45,1.2000000000000002
3.39999999999997,4.666714919214238e-39,45,1.2000000000000002
3.4333333333333034,5.773527460252736e-40,45,1.2000000000000002
3.4666666666666366,6.913006079880323e-41,45,1.2000000000000002
3.49999999999997,8.009710763906538e-42,45,1.2000000000000002
3.533333333333303,8.978892899534776e-43,45,1.2000000000000002
3.5666666666666362,9.736884494265728e-44,45,1.2000000000000002
3.5999999999999694,1.021285030167895e-44,45,1.2000000000000002
3.6333333333333027,1.0359653665652151e-45,45,1.2000000000000002
3.666666666666636,1.0161538794848821e-46,45,1.2000000000000002
3.699999999999969,9.63689856002939e-48,45,1.2000000000000002
3.7333333333333023,8.835458450720855e-49,45,1.2000000000000002
3.7666666666666355,7.830473741593854e-50,45,1.2000000000000002
3.7999999999999687,6.707642411035335e-51,45,1.2000000000000002
3.833333333333302,5.5530675265157396e-52,45,1.2000000000000002
3.866666666666635,4.44260663382726e-53,45,1.2000000000000002
3.8999999999999684,3.4343738560320426e-54,45,1.2000000000000002
3.9333333333333016,2.5652352860838712e-55,45,1.2000000000000002
3.966666666666635,1.8511600211991648e-56,45,1.2000000000000002
3.999999999999968,1.2905267219715615e-57,45,1.2000000000000002
4.033333333333301,8.690951950029287e-59,45,1.2000000000000002
4.0666666666666345,5.65350522783337e-60,45,1.2000000000000002
4.099999999999968,3.552162430866306e-61,45,1.2000000000000002
4.133333333333301,2.1556013856053943e-62,45,1.2000000000000002
4.166666666666634,1.2633458392433664e-63,45,1.2000000000000002
4.199999999999967,7.150446671854077e-65,45,1.2000000000000002
4.2333333333333005,3.908242394414056e-66,45,1.2000000000000002
4.266666666666634,2.062760230792243e-67,45,1.2000000000000002
4.299999999999967,1.0512782126049548e-68,45,1.2000000000000002
4.3333333333333,5.173352366550445e-70,45,1.2000000000000002
4.366666666666633,2.458084495615637e-71,45,1.2000000000000002
4.399999999999967,1.1276589097995266e-72,45,1.2000000000000002
4.4333333333333,4.9946110545548755e-74,45,1.2000000000000002
4.466666666666633,2.1357784276069459e-75,45,1.2000000000000002
4.499999999999966,8.817181145402668e-77,45,1.2000000000000002
4.5333333333332995,3.514079474961677e-78,45,1.2000000000000002
4.566666666666633,1.3520462800614803e-79,45,1.2000000000000002
4.599999999999966,5.021810014697327e-81,45,1.2000000000000002
4.633333333333299,1.8005655903737984e-82,45,1.2000000000000002
4.666666666666632,6.232027339394454e-84,45,1.2000000000000002
4.6999999999999655,2.0821586829613832e-85,45,1.2000000000000002
4.733333333333299,6.715142239544951e-87,45,1.2000000000000002
4.766666666666632,2.0904840114893152e-88,45,1.2000000000000002
4.799999999999965,6.281776753614745e-90,45,1.2000000000000002
4.833333333333298,1.8220334632777908e-91,45,1.2000000000000002
4.866666666666632,5.101089960554417e-93,45,1.2000000000000002
4.899999999999965,1.3784700784168807e-94,45,1.2000000000000002
4.933333333333298,3.595462113536168e-96,45,1.2000000000000002
4.966666666666631,9.051711593691484e-98,45,1.2000000000000002
4.9999999999999645,2.199511549240786e-99,45,1.2000000000000002
